#Variables 40
#Constraints 0
Objsense Min
VariablesInfo
0.0 1.0 Cont
0.0 1.0 Cont
0.0 1.0 Cont
0.0 1.0 Cont
0.0 1.0 Cont
0.0 1.0 Cont
0.0 1.0 Cont
0.0 1.0 Cont
0.0 1.0 Cont
0.0 1.0 Cont
0.0 1.0 Cont
0.0 1.0 Cont
0.0 1.0 Cont
0.0 1.0 Cont
0.0 1.0 Cont
0.0 1.0 Cont
0.0 1.0 Cont
0.0 1.0 Cont
0.0 1.0 Cont
0.0 1.0 Cont
0.0 1.0 Cont
0.0 1.0 Cont
0.0 1.0 Cont
0.0 1.0 Cont
0.0 1.0 Cont
0.0 1.0 Cont
0.0 1.0 Cont
0.0 1.0 Cont
0.0 1.0 Cont
0.0 1.0 Cont
0.0 1.0 Cont
0.0 1.0 Cont
0.0 1.0 Cont
0.0 1.0 Cont
0.0 1.0 Cont
0.0 1.0 Cont
0.0 1.0 Cont
0.0 1.0 Cont
0.0 1.0 Cont
0.0 1.0 Cont
Objective 140
Offset 0.0
[11, 21, 30, 32] -56.0
[6, 27, 29, 31] -43.0
[11, 19, 21, 25] -86.0
[12, 21, 26, 29] 29.0
[11, 19, 22, 35] -97.0
[5, 11, 26, 36] -15.0
[13, 24, 27, 38] -91.0
[5, 25, 33, 39] -25.0
[13, 20, 31, 38] -90.0
[5, 16, 28, 36] 12.0
[4, 9, 15, 33] 9.0
[3, 5, 21, 34] -36.0
[6, 21, 31, 39] -11.0
[2, 12, 25, 32] 38.0
[1, 10, 24, 40] 71.0
[16, 20, 22, 23] -79.0
[5, 9, 13, 37] -80.0
[9, 14, 24, 31] -58.0
[8, 9, 12, 33] -69.0
[23, 24, 25, 37] -12.0
[5, 8, 16, 40] -32.0
[6, 19, 25, 30] 52.0
[13, 18, 24, 28] 84.0
[14, 21, 22, 26] -56.0
[1, 19, 21, 24] 35.0
[19, 28, 34, 40] -82.0
[24, 34, 37, 38] -22.0
[2, 7, 28, 40] 74.0
[1, 2, 16, 22] 4.0
[13, 29, 31, 37] 3.0
[8, 9, 19, 23] -29.0
[5, 9, 15, 33] 45.0
[6, 7, 17, 37] 63.0
[4, 19, 28, 38] -77.0
[12, 15, 22, 32] -40.0
[19, 25, 26, 27] -60.0
[6, 16, 17, 18] 46.0
[5, 6, 11, 14] 49.0
[9, 16, 23, 26] 35.0
[8, 15, 18, 24] 1.0
[24, 28, 30, 32] -78.0
[6, 9, 39, 40] -84.0
[22, 24, 26, 34] 17.0
[6, 8, 32, 34] 8.0
[9, 13, 29, 35] -73.0
[12, 19, 20, 30] 15.0
[9, 20, 29, 37] 3.0
[2, 8, 10, 15] -22.0
[6, 10, 12, 26] 42.0
[20, 33, 39, 40] -23.0
[11, 16, 24, 25] 25.0
[8, 9, 18, 33] -95.0
[2, 5, 16, 22] -19.0
[14, 32, 36, 37] 61.0
[14, 18, 33, 38] -70.0
[27, 28, 33, 37] -100.0
[1, 16, 24, 36] -75.0
[9, 24, 30, 31] -1.0
[7, 15, 26, 28] -42.0
[7, 8, 9, 17] -61.0
[3, 5, 6, 7] -16.0
[14, 16, 22, 39] -49.0
[15, 17, 28, 29] -68.0
[7, 14, 23, 32] -35.0
[1, 5, 9, 22] 15.0
[2, 9, 14, 18] -12.0
[1, 15, 17, 29] 30.0
[8, 22, 36, 38] -99.0
[6, 16, 20, 38] -86.0
[15, 20, 29, 40] 82.0
[4, 22, 32, 35] -15.0
[4, 16, 22, 29] -38.0
[16, 17, 19, 21] 18.0
[1, 30, 35, 38] 73.0
[13, 21, 22, 32] 57.0
[8, 15, 22, 30] 97.0
[5, 7, 17, 30] -30.0
[3, 12, 17, 35] -79.0
[13, 15, 36, 40] 94.0
[8, 18, 21, 22] 70.0
[7, 19, 24, 38] 37.0
[6, 20, 33, 39] -89.0
[1, 10, 31, 39] -73.0
[4, 13, 33, 34] 70.0
[8, 10, 19, 31] 14.0
[1, 5, 15, 24] -43.0
[8, 9, 12, 25] -14.0
[14, 15, 21, 38] -72.0
[6, 11, 13, 23] 51.0
[2, 7, 24, 35] 6.0
[15, 23, 30, 37] 37.0
[12, 16, 22, 39] 4.0
[10, 22, 35, 36] 38.0
[6, 9, 11, 12] -42.0
[8, 16, 31, 32] -42.0
[2, 17, 26, 36] 55.0
[3, 12, 17, 23] -45.0
[12, 17, 30, 32] 69.0
[5, 9, 35, 40] 92.0
[13, 19, 30, 32] 23.0
[3, 15, 18, 23] 36.0
[26, 27, 29, 36] 52.0
[17, 20, 25, 40] -79.0
[5, 12, 22, 39] -51.0
[5, 7, 10, 17] -47.0
[3, 16, 34, 38] -66.0
[5, 7, 29, 31] -26.0
[3, 13, 17, 37] -76.0
[13, 14, 17, 29] -65.0
[17, 23, 32, 33] -22.0
[4, 19, 20, 23] -64.0
[4, 5, 14, 20] 20.0
[17, 22, 34, 40] 55.0
[2, 6, 9, 29] -2.0
[15, 23, 30, 34] -100.0
[3, 14, 28, 30] 47.0
[1, 4, 8, 28] -71.0
[18, 22, 23, 34] 95.0
[1, 3, 4, 12] -87.0
[5, 7, 8, 28] -58.0
[11, 28, 36, 38] 75.0
[4, 5, 21, 35] -53.0
[27, 34, 35, 40] 35.0
[23, 26, 28, 37] 88.0
[4, 8, 24, 39] -23.0
[7, 10, 24, 31] 43.0
[13, 19, 25, 29] -4.0
[17, 26, 30, 33] -38.0
[15, 23, 32, 33] -31.0
[5, 8, 15, 25] -55.0
[3, 20, 35, 37] -53.0
[6, 21, 25, 31] -93.0
[16, 19, 31, 33] -34.0
[2, 17, 21, 35] 44.0
[12, 22, 23, 34] 57.0
[2, 3, 4, 23] 92.0
[1, 17, 27, 28] 7.0
[17, 23, 37, 40] 22.0
[6, 13, 17, 29] 95.0
[26, 30, 36, 40] 40.0
