#Variables 40
#Constraints 0
Objsense Min
VariablesInfo
0.0 1.0 Cont
0.0 1.0 Cont
0.0 1.0 Cont
0.0 1.0 Cont
0.0 1.0 Cont
0.0 1.0 Cont
0.0 1.0 Cont
0.0 1.0 Cont
0.0 1.0 Cont
0.0 1.0 Cont
0.0 1.0 Cont
0.0 1.0 Cont
0.0 1.0 Cont
0.0 1.0 Cont
0.0 1.0 Cont
0.0 1.0 Cont
0.0 1.0 Cont
0.0 1.0 Cont
0.0 1.0 Cont
0.0 1.0 Cont
0.0 1.0 Cont
0.0 1.0 Cont
0.0 1.0 Cont
0.0 1.0 Cont
0.0 1.0 Cont
0.0 1.0 Cont
0.0 1.0 Cont
0.0 1.0 Cont
0.0 1.0 Cont
0.0 1.0 Cont
0.0 1.0 Cont
0.0 1.0 Cont
0.0 1.0 Cont
0.0 1.0 Cont
0.0 1.0 Cont
0.0 1.0 Cont
0.0 1.0 Cont
0.0 1.0 Cont
0.0 1.0 Cont
0.0 1.0 Cont
Objective 150
Offset 0.0
[9, 10, 31, 33] -3.0
[3, 4, 37, 38] 59.0
[1, 9, 16, 37] -22.0
[10, 22, 27, 40] -85.0
[1, 30, 39, 40] 16.0
[3, 10, 20, 23] -74.0
[11, 14, 16, 32] 6.0
[26, 29, 34, 40] -25.0
[4, 10, 19, 39] -49.0
[2, 22, 23, 28] -24.0
[13, 19, 38, 39] 0.0
[16, 19, 34, 36] -3.0
[16, 34, 35, 38] 68.0
[11, 18, 33, 37] 22.0
[4, 23, 24, 35] -41.0
[25, 27, 33, 35] -26.0
[1, 5, 7, 28] 62.0
[15, 18, 33, 39] 62.0
[3, 8, 9, 11] 72.0
[10, 20, 26, 39] -20.0
[6, 9, 24, 37] 46.0
[22, 31, 36, 38] -45.0
[11, 14, 27, 39] -52.0
[6, 26, 31, 33] -38.0
[3, 20, 33, 39] -6.0
[1, 24, 31, 39] 71.0
[9, 17, 18, 37] -28.0
[11, 13, 18, 23] -59.0
[5, 15, 34, 39] 99.0
[21, 23, 24, 30] -28.0
[1, 4, 10, 38] 72.0
[16, 20, 24, 27] 64.0
[16, 20, 32, 36] 29.0
[6, 11, 19, 40] 65.0
[3, 8, 24, 40] -4.0
[6, 7, 11, 27] -67.0
[2, 14, 15, 27] -41.0
[14, 17, 29, 32] -83.0
[1, 3, 7, 23] 79.0
[7, 22, 26, 30] -56.0
[18, 19, 27, 40] 50.0
[8, 20, 36, 38] 46.0
[5, 12, 16, 34] 5.0
[18, 28, 29, 38] 60.0
[25, 27, 37, 38] 98.0
[12, 22, 30, 40] -76.0
[9, 10, 14, 40] 28.0
[28, 29, 30, 40] -94.0
[21, 24, 25, 37] -71.0
[12, 14, 19, 33] -54.0
[3, 5, 15, 17] -92.0
[12, 21, 29, 35] -3.0
[17, 19, 27, 38] -31.0
[1, 3, 9, 22] -53.0
[12, 20, 24, 32] 66.0
[7, 13, 29, 40] 16.0
[2, 3, 9, 32] -32.0
[1, 4, 17, 28] -46.0
[2, 5, 10, 24] 65.0
[9, 18, 27, 39] 18.0
[1, 2, 8, 23] 19.0
[7, 14, 29, 35] -66.0
[13, 21, 24, 26] -68.0
[13, 15, 27, 28] -78.0
[21, 30, 36, 38] 80.0
[1, 5, 7, 38] -91.0
[16, 36, 37, 39] 46.0
[5, 10, 24, 26] -79.0
[3, 7, 26, 39] 85.0
[10, 26, 29, 34] -98.0
[3, 22, 29, 30] 75.0
[3, 5, 18, 26] 100.0
[7, 27, 33, 36] 4.0
[2, 16, 31, 33] -75.0
[1, 27, 31, 35] 85.0
[2, 11, 32, 39] 59.0
[2, 7, 9, 31] 41.0
[21, 29, 30, 32] -20.0
[4, 16, 35, 38] 6.0
[14, 22, 24, 29] -54.0
[5, 8, 23, 34] 3.0
[14, 16, 22, 27] 42.0
[5, 8, 26, 37] 64.0
[6, 27, 35, 38] 76.0
[4, 18, 22, 40] -27.0
[1, 3, 14, 22] -71.0
[10, 20, 21, 29] -86.0
[8, 11, 13, 34] 15.0
[1, 4, 8, 25] 25.0
[6, 11, 24, 29] -72.0
[17, 25, 27, 32] -46.0
[20, 23, 33, 34] -13.0
[5, 9, 17, 19] -1.0
[2, 11, 17, 20] -92.0
[12, 24, 27, 35] 17.0
[17, 24, 32, 38] 37.0
[3, 11, 28, 35] -96.0
[5, 20, 26, 37] -92.0
[7, 26, 27, 34] 41.0
[7, 23, 26, 29] 69.0
[8, 10, 31, 33] 21.0
[3, 6, 14, 37] -63.0
[22, 26, 31, 40] 70.0
[5, 9, 25, 27] -26.0
[11, 20, 22, 39] 39.0
[13, 14, 23, 24] -97.0
[7, 8, 14, 40] 91.0
[12, 16, 21, 27] 13.0
[13, 15, 16, 27] -27.0
[6, 8, 31, 35] 46.0
[6, 17, 23, 37] -11.0
[8, 26, 32, 39] -4.0
[7, 18, 24, 33] 73.0
[10, 16, 20, 32] 29.0
[6, 21, 30, 39] -6.0
[8, 18, 20, 23] -4.0
[23, 28, 30, 35] 11.0
[5, 13, 21, 24] 3.0
[6, 24, 27, 28] 31.0
[3, 11, 18, 28] -45.0
[10, 13, 14, 24] -11.0
[1, 9, 13, 14] -54.0
[1, 9, 25, 31] 6.0
[7, 12, 29, 31] 40.0
[8, 14, 22, 28] -97.0
[3, 6, 19, 37] -16.0
[10, 12, 28, 34] -36.0
[17, 18, 25, 29] -14.0
[8, 11, 13, 23] -60.0
[9, 25, 26, 39] -53.0
[4, 18, 27, 38] 89.0
[12, 16, 34, 40] 85.0
[5, 8, 27, 28] 63.0
[17, 23, 25, 32] 5.0
[9, 15, 21, 37] -76.0
[1, 24, 26, 36] -80.0
[7, 20, 28, 38] -39.0
[9, 16, 22, 25] 42.0
[14, 15, 19, 25] -4.0
[11, 29, 33, 35] 49.0
[3, 15, 17, 18] -30.0
[7, 28, 31, 38] 97.0
[3, 4, 5, 12] 20.0
[1, 17, 33, 35] 38.0
[5, 11, 15, 24] -82.0
[16, 20, 27, 30] 26.0
[5, 13, 29, 38] -36.0
[1, 5, 9, 16] -38.0
[4, 5, 25, 37] -78.0
[4, 6, 16, 24] -42.0
