#Variables 30
#Constraints 0
Objsense Min
VariablesInfo
0.0 1.0 Bin
0.0 1.0 Bin
0.0 1.0 Bin
0.0 1.0 Bin
0.0 1.0 Bin
0.0 1.0 Bin
0.0 1.0 Bin
0.0 1.0 Bin
0.0 1.0 Bin
0.0 1.0 Bin
0.0 1.0 Bin
0.0 1.0 Bin
0.0 1.0 Bin
0.0 1.0 Bin
0.0 1.0 Bin
0.0 1.0 Bin
0.0 1.0 Bin
0.0 1.0 Bin
0.0 1.0 Bin
0.0 1.0 Bin
0.0 1.0 Bin
0.0 1.0 Bin
0.0 1.0 Bin
0.0 1.0 Bin
0.0 1.0 Bin
0.0 1.0 Bin
0.0 1.0 Bin
0.0 1.0 Bin
0.0 1.0 Bin
0.0 1.0 Bin
Objective 2944
Offset 0.0
[1, 2, 3, 4] 64.0
[1, 2, 4, 5] 64.0
[1, 2, 5, 6] 64.0
[1, 2, 6, 7] 64.0
[1, 2, 7, 8] 64.0
[1, 2, 8, 9] 64.0
[1, 2, 9, 10] 64.0
[1, 2, 10, 11] 64.0
[1, 2, 11, 12] 64.0
[1, 2, 12, 13] 64.0
[1, 2, 13, 14] 64.0
[1, 2, 14, 15] 64.0
[1, 3, 4, 6] 64.0
[1, 3, 5, 7] 64.0
[1, 3, 6, 8] 64.0
[1, 3, 7, 9] 64.0
[1, 3, 8, 10] 64.0
[1, 3, 9, 11] 64.0
[1, 3, 10, 12] 64.0
[1, 3, 11, 13] 64.0
[1, 3, 12, 14] 64.0
[1, 3, 13, 15] 64.0
[1, 4, 5, 8] 64.0
[1, 4, 6, 9] 64.0
[1, 4, 7, 10] 64.0
[1, 4, 8, 11] 64.0
[1, 4, 9, 12] 64.0
[1, 4, 10, 13] 64.0
[1, 4, 11, 14] 64.0
[1, 4, 12, 15] 64.0
[1, 5, 6, 10] 64.0
[1, 5, 7, 11] 64.0
[1, 5, 8, 12] 64.0
[1, 5, 9, 13] 64.0
[1, 5, 10, 14] 64.0
[1, 5, 11, 15] 64.0
[1, 6, 7, 12] 64.0
[1, 6, 8, 13] 64.0
[1, 6, 9, 14] 64.0
[1, 6, 10, 15] 64.0
[1, 7, 8, 14] 64.0
[1, 7, 9, 15] 64.0
[2, 3, 4, 5] 128.0
[2, 3, 5, 6] 128.0
[2, 3, 6, 7] 128.0
[2, 3, 7, 8] 128.0
[2, 3, 8, 9] 128.0
[2, 3, 9, 10] 128.0
[2, 3, 10, 11] 128.0
[2, 3, 11, 12] 128.0
[2, 3, 12, 13] 128.0
[2, 3, 13, 14] 128.0
[2, 3, 14, 15] 128.0
[2, 3, 15, 16] 64.0
[2, 4, 5, 7] 128.0
[2, 4, 6, 8] 128.0
[2, 4, 7, 9] 128.0
[2, 4, 8, 10] 128.0
[2, 4, 9, 11] 128.0
[2, 4, 10, 12] 128.0
[2, 4, 11, 13] 128.0
[2, 4, 12, 14] 128.0
[2, 4, 13, 15] 128.0
[2, 4, 14, 16] 64.0
[2, 5, 6, 9] 128.0
[2, 5, 7, 10] 128.0
[2, 5, 8, 11] 128.0
[2, 5, 9, 12] 128.0
[2, 5, 10, 13] 128.0
[2, 5, 11, 14] 128.0
[2, 5, 12, 15] 128.0
[2, 5, 13, 16] 64.0
[2, 6, 7, 11] 128.0
[2, 6, 8, 12] 128.0
[2, 6, 9, 13] 128.0
[2, 6, 10, 14] 128.0
[2, 6, 11, 15] 128.0
[2, 6, 12, 16] 64.0
[2, 7, 8, 13] 128.0
[2, 7, 9, 14] 128.0
[2, 7, 10, 15] 128.0
[2, 7, 11, 16] 64.0
[2, 8, 9, 15] 128.0
[2, 8, 10, 16] 64.0
[3, 4, 5, 6] 192.0
[3, 4, 6, 7] 192.0
[3, 4, 7, 8] 192.0
[3, 4, 8, 9] 192.0
[3, 4, 9, 10] 192.0
[3, 4, 10, 11] 192.0
[3, 4, 11, 12] 192.0
[3, 4, 12, 13] 192.0
[3, 4, 13, 14] 192.0
[3, 4, 14, 15] 192.0
[3, 4, 15, 16] 128.0
[3, 4, 16, 17] 64.0
[3, 5, 6, 8] 192.0
[3, 5, 7, 9] 192.0
[3, 5, 8, 10] 192.0
[3, 5, 9, 11] 192.0
[3, 5, 10, 12] 192.0
[3, 5, 11, 13] 192.0
[3, 5, 12, 14] 192.0
[3, 5, 13, 15] 192.0
[3, 5, 14, 16] 128.0
[3, 5, 15, 17] 64.0
[3, 6, 7, 10] 192.0
[3, 6, 8, 11] 192.0
[3, 6, 9, 12] 192.0
[3, 6, 10, 13] 192.0
[3, 6, 11, 14] 192.0
[3, 6, 12, 15] 192.0
[3, 6, 13, 16] 128.0
[3, 6, 14, 17] 64.0
[3, 7, 8, 12] 192.0
[3, 7, 9, 13] 192.0
[3, 7, 10, 14] 192.0
[3, 7, 11, 15] 192.0
[3, 7, 12, 16] 128.0
[3, 7, 13, 17] 64.0
[3, 8, 9, 14] 192.0
[3, 8, 10, 15] 192.0
[3, 8, 11, 16] 128.0
[3, 8, 12, 17] 64.0
[3, 9, 10, 16] 128.0
[3, 9, 11, 17] 64.0
[4, 5, 6, 7] 256.0
[4, 5, 7, 8] 256.0
[4, 5, 8, 9] 256.0
[4, 5, 9, 10] 256.0
[4, 5, 10, 11] 256.0
[4, 5, 11, 12] 256.0
[4, 5, 12, 13] 256.0
[4, 5, 13, 14] 256.0
[4, 5, 14, 15] 256.0
[4, 5, 15, 16] 192.0
[4, 5, 16, 17] 128.0
[4, 5, 17, 18] 64.0
[4, 6, 7, 9] 256.0
[4, 6, 8, 10] 256.0
[4, 6, 9, 11] 256.0
[4, 6, 10, 12] 256.0
[4, 6, 11, 13] 256.0
[4, 6, 12, 14] 256.0
[4, 6, 13, 15] 256.0
[4, 6, 14, 16] 192.0
[4, 6, 15, 17] 128.0
[4, 6, 16, 18] 64.0
[4, 7, 8, 11] 256.0
[4, 7, 9, 12] 256.0
[4, 7, 10, 13] 256.0
[4, 7, 11, 14] 256.0
[4, 7, 12, 15] 256.0
[4, 7, 13, 16] 192.0
[4, 7, 14, 17] 128.0
[4, 7, 15, 18] 64.0
[4, 8, 9, 13] 256.0
[4, 8, 10, 14] 256.0
[4, 8, 11, 15] 256.0
[4, 8, 12, 16] 192.0
[4, 8, 13, 17] 128.0
[4, 8, 14, 18] 64.0
[4, 9, 10, 15] 256.0
[4, 9, 11, 16] 192.0
[4, 9, 12, 17] 128.0
[4, 9, 13, 18] 64.0
[4, 10, 11, 17] 128.0
[4, 10, 12, 18] 64.0
[5, 6, 7, 8] 320.0
[5, 6, 8, 9] 320.0
[5, 6, 9, 10] 320.0
[5, 6, 10, 11] 320.0
[5, 6, 11, 12] 320.0
[5, 6, 12, 13] 320.0
[5, 6, 13, 14] 320.0
[5, 6, 14, 15] 320.0
[5, 6, 15, 16] 256.0
[5, 6, 16, 17] 192.0
[5, 6, 17, 18] 128.0
[5, 6, 18, 19] 64.0
[5, 7, 8, 10] 320.0
[5, 7, 9, 11] 320.0
[5, 7, 10, 12] 320.0
[5, 7, 11, 13] 320.0
[5, 7, 12, 14] 320.0
[5, 7, 13, 15] 320.0
[5, 7, 14, 16] 256.0
[5, 7, 15, 17] 192.0
[5, 7, 16, 18] 128.0
[5, 7, 17, 19] 64.0
[5, 8, 9, 12] 320.0
[5, 8, 10, 13] 320.0
[5, 8, 11, 14] 320.0
[5, 8, 12, 15] 320.0
[5, 8, 13, 16] 256.0
[5, 8, 14, 17] 192.0
[5, 8, 15, 18] 128.0
[5, 8, 16, 19] 64.0
[5, 9, 10, 14] 320.0
[5, 9, 11, 15] 320.0
[5, 9, 12, 16] 256.0
[5, 9, 13, 17] 192.0
[5, 9, 14, 18] 128.0
[5, 9, 15, 19] 64.0
[5, 10, 11, 16] 256.0
[5, 10, 12, 17] 192.0
[5, 10, 13, 18] 128.0
[5, 10, 14, 19] 64.0
[5, 11, 12, 18] 128.0
[5, 11, 13, 19] 64.0
[6, 7, 8, 9] 384.0
[6, 7, 9, 10] 384.0
[6, 7, 10, 11] 384.0
[6, 7, 11, 12] 384.0
[6, 7, 12, 13] 384.0
[6, 7, 13, 14] 384.0
[6, 7, 14, 15] 384.0
[6, 7, 15, 16] 320.0
[6, 7, 16, 17] 256.0
[6, 7, 17, 18] 192.0
[6, 7, 18, 19] 128.0
[6, 7, 19, 20] 64.0
[6, 8, 9, 11] 384.0
[6, 8, 10, 12] 384.0
[6, 8, 11, 13] 384.0
[6, 8, 12, 14] 384.0
[6, 8, 13, 15] 384.0
[6, 8, 14, 16] 320.0
[6, 8, 15, 17] 256.0
[6, 8, 16, 18] 192.0
[6, 8, 17, 19] 128.0
[6, 8, 18, 20] 64.0
[6, 9, 10, 13] 384.0
[6, 9, 11, 14] 384.0
[6, 9, 12, 15] 384.0
[6, 9, 13, 16] 320.0
[6, 9, 14, 17] 256.0
[6, 9, 15, 18] 192.0
[6, 9, 16, 19] 128.0
[6, 9, 17, 20] 64.0
[6, 10, 11, 15] 384.0
[6, 10, 12, 16] 320.0
[6, 10, 13, 17] 256.0
[6, 10, 14, 18] 192.0
[6, 10, 15, 19] 128.0
[6, 10, 16, 20] 64.0
[6, 11, 12, 17] 256.0
[6, 11, 13, 18] 192.0
[6, 11, 14, 19] 128.0
[6, 11, 15, 20] 64.0
[6, 12, 13, 19] 128.0
[6, 12, 14, 20] 64.0
[7, 8, 9, 10] 448.0
[7, 8, 10, 11] 448.0
[7, 8, 11, 12] 448.0
[7, 8, 12, 13] 448.0
[7, 8, 13, 14] 448.0
[7, 8, 14, 15] 448.0
[7, 8, 15, 16] 384.0
[7, 8, 16, 17] 320.0
[7, 8, 17, 18] 256.0
[7, 8, 18, 19] 192.0
[7, 8, 19, 20] 128.0
[7, 8, 20, 21] 64.0
[7, 9, 10, 12] 448.0
[7, 9, 11, 13] 448.0
[7, 9, 12, 14] 448.0
[7, 9, 13, 15] 448.0
[7, 9, 14, 16] 384.0
[7, 9, 15, 17] 320.0
[7, 9, 16, 18] 256.0
[7, 9, 17, 19] 192.0
[7, 9, 18, 20] 128.0
[7, 9, 19, 21] 64.0
[7, 10, 11, 14] 448.0
[7, 10, 12, 15] 448.0
[7, 10, 13, 16] 384.0
[7, 10, 14, 17] 320.0
[7, 10, 15, 18] 256.0
[7, 10, 16, 19] 192.0
[7, 10, 17, 20] 128.0
[7, 10, 18, 21] 64.0
[7, 11, 12, 16] 384.0
[7, 11, 13, 17] 320.0
[7, 11, 14, 18] 256.0
[7, 11, 15, 19] 192.0
[7, 11, 16, 20] 128.0
[7, 11, 17, 21] 64.0
[7, 12, 13, 18] 256.0
[7, 12, 14, 19] 192.0
[7, 12, 15, 20] 128.0
[7, 12, 16, 21] 64.0
[7, 13, 14, 20] 128.0
[7, 13, 15, 21] 64.0
[8, 9, 10, 11] 512.0
[8, 9, 11, 12] 512.0
[8, 9, 12, 13] 512.0
[8, 9, 13, 14] 512.0
[8, 9, 14, 15] 512.0
[8, 9, 15, 16] 448.0
[8, 9, 16, 17] 384.0
[8, 9, 17, 18] 320.0
[8, 9, 18, 19] 256.0
[8, 9, 19, 20] 192.0
[8, 9, 20, 21] 128.0
[8, 9, 21, 22] 64.0
[8, 10, 11, 13] 512.0
[8, 10, 12, 14] 512.0
[8, 10, 13, 15] 512.0
[8, 10, 14, 16] 448.0
[8, 10, 15, 17] 384.0
[8, 10, 16, 18] 320.0
[8, 10, 17, 19] 256.0
[8, 10, 18, 20] 192.0
[8, 10, 19, 21] 128.0
[8, 10, 20, 22] 64.0
[8, 11, 12, 15] 512.0
[8, 11, 13, 16] 448.0
[8, 11, 14, 17] 384.0
[8, 11, 15, 18] 320.0
[8, 11, 16, 19] 256.0
[8, 11, 17, 20] 192.0
[8, 11, 18, 21] 128.0
[8, 11, 19, 22] 64.0
[8, 12, 13, 17] 384.0
[8, 12, 14, 18] 320.0
[8, 12, 15, 19] 256.0
[8, 12, 16, 20] 192.0
[8, 12, 17, 21] 128.0
[8, 12, 18, 22] 64.0
[8, 13, 14, 19] 256.0
[8, 13, 15, 20] 192.0
[8, 13, 16, 21] 128.0
[8, 13, 17, 22] 64.0
[8, 14, 15, 21] 128.0
[8, 14, 16, 22] 64.0
[9, 10, 11, 12] 576.0
[9, 10, 12, 13] 576.0
[9, 10, 13, 14] 576.0
[9, 10, 14, 15] 576.0
[9, 10, 15, 16] 512.0
[9, 10, 16, 17] 448.0
[9, 10, 17, 18] 384.0
[9, 10, 18, 19] 320.0
[9, 10, 19, 20] 256.0
[9, 10, 20, 21] 192.0
[9, 10, 21, 22] 128.0
[9, 10, 22, 23] 64.0
[9, 11, 12, 14] 576.0
[9, 11, 13, 15] 576.0
[9, 11, 14, 16] 512.0
[9, 11, 15, 17] 448.0
[9, 11, 16, 18] 384.0
[9, 11, 17, 19] 320.0
[9, 11, 18, 20] 256.0
[9, 11, 19, 21] 192.0
[9, 11, 20, 22] 128.0
[9, 11, 21, 23] 64.0
[9, 12, 13, 16] 512.0
[9, 12, 14, 17] 448.0
[9, 12, 15, 18] 384.0
[9, 12, 16, 19] 320.0
[9, 12, 17, 20] 256.0
[9, 12, 18, 21] 192.0
[9, 12, 19, 22] 128.0
[9, 12, 20, 23] 64.0
[9, 13, 14, 18] 384.0
[9, 13, 15, 19] 320.0
[9, 13, 16, 20] 256.0
[9, 13, 17, 21] 192.0
[9, 13, 18, 22] 128.0
[9, 13, 19, 23] 64.0
[9, 14, 15, 20] 256.0
[9, 14, 16, 21] 192.0
[9, 14, 17, 22] 128.0
[9, 14, 18, 23] 64.0
[9, 15, 16, 22] 128.0
[9, 15, 17, 23] 64.0
[10, 11, 12, 13] 640.0
[10, 11, 13, 14] 640.0
[10, 11, 14, 15] 640.0
[10, 11, 15, 16] 576.0
[10, 11, 16, 17] 512.0
[10, 11, 17, 18] 448.0
[10, 11, 18, 19] 384.0
[10, 11, 19, 20] 320.0
[10, 11, 20, 21] 256.0
[10, 11, 21, 22] 192.0
[10, 11, 22, 23] 128.0
[10, 11, 23, 24] 64.0
[10, 12, 13, 15] 640.0
[10, 12, 14, 16] 576.0
[10, 12, 15, 17] 512.0
[10, 12, 16, 18] 448.0
[10, 12, 17, 19] 384.0
[10, 12, 18, 20] 320.0
[10, 12, 19, 21] 256.0
[10, 12, 20, 22] 192.0
[10, 12, 21, 23] 128.0
[10, 12, 22, 24] 64.0
[10, 13, 14, 17] 512.0
[10, 13, 15, 18] 448.0
[10, 13, 16, 19] 384.0
[10, 13, 17, 20] 320.0
[10, 13, 18, 21] 256.0
[10, 13, 19, 22] 192.0
[10, 13, 20, 23] 128.0
[10, 13, 21, 24] 64.0
[10, 14, 15, 19] 384.0
[10, 14, 16, 20] 320.0
[10, 14, 17, 21] 256.0
[10, 14, 18, 22] 192.0
[10, 14, 19, 23] 128.0
[10, 14, 20, 24] 64.0
[10, 15, 16, 21] 256.0
[10, 15, 17, 22] 192.0
[10, 15, 18, 23] 128.0
[10, 15, 19, 24] 64.0
[10, 16, 17, 23] 128.0
[10, 16, 18, 24] 64.0
[11, 12, 13, 14] 704.0
[11, 12, 14, 15] 704.0
[11, 12, 15, 16] 640.0
[11, 12, 16, 17] 576.0
[11, 12, 17, 18] 512.0
[11, 12, 18, 19] 448.0
[11, 12, 19, 20] 384.0
[11, 12, 20, 21] 320.0
[11, 12, 21, 22] 256.0
[11, 12, 22, 23] 192.0
[11, 12, 23, 24] 128.0
[11, 12, 24, 25] 64.0
[11, 13, 14, 16] 640.0
[11, 13, 15, 17] 576.0
[11, 13, 16, 18] 512.0
[11, 13, 17, 19] 448.0
[11, 13, 18, 20] 384.0
[11, 13, 19, 21] 320.0
[11, 13, 20, 22] 256.0
[11, 13, 21, 23] 192.0
[11, 13, 22, 24] 128.0
[11, 13, 23, 25] 64.0
[11, 14, 15, 18] 512.0
[11, 14, 16, 19] 448.0
[11, 14, 17, 20] 384.0
[11, 14, 18, 21] 320.0
[11, 14, 19, 22] 256.0
[11, 14, 20, 23] 192.0
[11, 14, 21, 24] 128.0
[11, 14, 22, 25] 64.0
[11, 15, 16, 20] 384.0
[11, 15, 17, 21] 320.0
[11, 15, 18, 22] 256.0
[11, 15, 19, 23] 192.0
[11, 15, 20, 24] 128.0
[11, 15, 21, 25] 64.0
[11, 16, 17, 22] 256.0
[11, 16, 18, 23] 192.0
[11, 16, 19, 24] 128.0
[11, 16, 20, 25] 64.0
[11, 17, 18, 24] 128.0
[11, 17, 19, 25] 64.0
[12, 13, 14, 15] 768.0
[12, 13, 15, 16] 704.0
[12, 13, 16, 17] 640.0
[12, 13, 17, 18] 576.0
[12, 13, 18, 19] 512.0
[12, 13, 19, 20] 448.0
[12, 13, 20, 21] 384.0
[12, 13, 21, 22] 320.0
[12, 13, 22, 23] 256.0
[12, 13, 23, 24] 192.0
[12, 13, 24, 25] 128.0
[12, 13, 25, 26] 64.0
[12, 14, 15, 17] 640.0
[12, 14, 16, 18] 576.0
[12, 14, 17, 19] 512.0
[12, 14, 18, 20] 448.0
[12, 14, 19, 21] 384.0
[12, 14, 20, 22] 320.0
[12, 14, 21, 23] 256.0
[12, 14, 22, 24] 192.0
[12, 14, 23, 25] 128.0
[12, 14, 24, 26] 64.0
[12, 15, 16, 19] 512.0
[12, 15, 17, 20] 448.0
[12, 15, 18, 21] 384.0
[12, 15, 19, 22] 320.0
[12, 15, 20, 23] 256.0
[12, 15, 21, 24] 192.0
[12, 15, 22, 25] 128.0
[12, 15, 23, 26] 64.0
[12, 16, 17, 21] 384.0
[12, 16, 18, 22] 320.0
[12, 16, 19, 23] 256.0
[12, 16, 20, 24] 192.0
[12, 16, 21, 25] 128.0
[12, 16, 22, 26] 64.0
[12, 17, 18, 23] 256.0
[12, 17, 19, 24] 192.0
[12, 17, 20, 25] 128.0
[12, 17, 21, 26] 64.0
[12, 18, 19, 25] 128.0
[12, 18, 20, 26] 64.0
[13, 14, 15, 16] 768.0
[13, 14, 16, 17] 704.0
[13, 14, 17, 18] 640.0
[13, 14, 18, 19] 576.0
[13, 14, 19, 20] 512.0
[13, 14, 20, 21] 448.0
[13, 14, 21, 22] 384.0
[13, 14, 22, 23] 320.0
[13, 14, 23, 24] 256.0
[13, 14, 24, 25] 192.0
[13, 14, 25, 26] 128.0
[13, 14, 26, 27] 64.0
[13, 15, 16, 18] 640.0
[13, 15, 17, 19] 576.0
[13, 15, 18, 20] 512.0
[13, 15, 19, 21] 448.0
[13, 15, 20, 22] 384.0
[13, 15, 21, 23] 320.0
[13, 15, 22, 24] 256.0
[13, 15, 23, 25] 192.0
[13, 15, 24, 26] 128.0
[13, 15, 25, 27] 64.0
[13, 16, 17, 20] 512.0
[13, 16, 18, 21] 448.0
[13, 16, 19, 22] 384.0
[13, 16, 20, 23] 320.0
[13, 16, 21, 24] 256.0
[13, 16, 22, 25] 192.0
[13, 16, 23, 26] 128.0
[13, 16, 24, 27] 64.0
[13, 17, 18, 22] 384.0
[13, 17, 19, 23] 320.0
[13, 17, 20, 24] 256.0
[13, 17, 21, 25] 192.0
[13, 17, 22, 26] 128.0
[13, 17, 23, 27] 64.0
[13, 18, 19, 24] 256.0
[13, 18, 20, 25] 192.0
[13, 18, 21, 26] 128.0
[13, 18, 22, 27] 64.0
[13, 19, 20, 26] 128.0
[13, 19, 21, 27] 64.0
[14, 15, 16, 17] 768.0
[14, 15, 17, 18] 704.0
[14, 15, 18, 19] 640.0
[14, 15, 19, 20] 576.0
[14, 15, 20, 21] 512.0
[14, 15, 21, 22] 448.0
[14, 15, 22, 23] 384.0
[14, 15, 23, 24] 320.0
[14, 15, 24, 25] 256.0
[14, 15, 25, 26] 192.0
[14, 15, 26, 27] 128.0
[14, 15, 27, 28] 64.0
[14, 16, 17, 19] 640.0
[14, 16, 18, 20] 576.0
[14, 16, 19, 21] 512.0
[14, 16, 20, 22] 448.0
[14, 16, 21, 23] 384.0
[14, 16, 22, 24] 320.0
[14, 16, 23, 25] 256.0
[14, 16, 24, 26] 192.0
[14, 16, 25, 27] 128.0
[14, 16, 26, 28] 64.0
[14, 17, 18, 21] 512.0
[14, 17, 19, 22] 448.0
[14, 17, 20, 23] 384.0
[14, 17, 21, 24] 320.0
[14, 17, 22, 25] 256.0
[14, 17, 23, 26] 192.0
[14, 17, 24, 27] 128.0
[14, 17, 25, 28] 64.0
[14, 18, 19, 23] 384.0
[14, 18, 20, 24] 320.0
[14, 18, 21, 25] 256.0
[14, 18, 22, 26] 192.0
[14, 18, 23, 27] 128.0
[14, 18, 24, 28] 64.0
[14, 19, 20, 25] 256.0
[14, 19, 21, 26] 192.0
[14, 19, 22, 27] 128.0
[14, 19, 23, 28] 64.0
[14, 20, 21, 27] 128.0
[14, 20, 22, 28] 64.0
[15, 16, 17, 18] 768.0
[15, 16, 18, 19] 704.0
[15, 16, 19, 20] 640.0
[15, 16, 20, 21] 576.0
[15, 16, 21, 22] 512.0
[15, 16, 22, 23] 448.0
[15, 16, 23, 24] 384.0
[15, 16, 24, 25] 320.0
[15, 16, 25, 26] 256.0
[15, 16, 26, 27] 192.0
[15, 16, 27, 28] 128.0
[15, 16, 28, 29] 64.0
[15, 17, 18, 20] 640.0
[15, 17, 19, 21] 576.0
[15, 17, 20, 22] 512.0
[15, 17, 21, 23] 448.0
[15, 17, 22, 24] 384.0
[15, 17, 23, 25] 320.0
[15, 17, 24, 26] 256.0
[15, 17, 25, 27] 192.0
[15, 17, 26, 28] 128.0
[15, 17, 27, 29] 64.0
[15, 18, 19, 22] 512.0
[15, 18, 20, 23] 448.0
[15, 18, 21, 24] 384.0
[15, 18, 22, 25] 320.0
[15, 18, 23, 26] 256.0
[15, 18, 24, 27] 192.0
[15, 18, 25, 28] 128.0
[15, 18, 26, 29] 64.0
[15, 19, 20, 24] 384.0
[15, 19, 21, 25] 320.0
[15, 19, 22, 26] 256.0
[15, 19, 23, 27] 192.0
[15, 19, 24, 28] 128.0
[15, 19, 25, 29] 64.0
[15, 20, 21, 26] 256.0
[15, 20, 22, 27] 192.0
[15, 20, 23, 28] 128.0
[15, 20, 24, 29] 64.0
[15, 21, 22, 28] 128.0
[15, 21, 23, 29] 64.0
[16, 17, 18, 19] 768.0
[16, 17, 19, 20] 704.0
[16, 17, 20, 21] 640.0
[16, 17, 21, 22] 576.0
[16, 17, 22, 23] 512.0
[16, 17, 23, 24] 448.0
[16, 17, 24, 25] 384.0
[16, 17, 25, 26] 320.0
[16, 17, 26, 27] 256.0
[16, 17, 27, 28] 192.0
[16, 17, 28, 29] 128.0
[16, 17, 29, 30] 64.0
[16, 18, 19, 21] 640.0
[16, 18, 20, 22] 576.0
[16, 18, 21, 23] 512.0
[16, 18, 22, 24] 448.0
[16, 18, 23, 25] 384.0
[16, 18, 24, 26] 320.0
[16, 18, 25, 27] 256.0
[16, 18, 26, 28] 192.0
[16, 18, 27, 29] 128.0
[16, 18, 28, 30] 64.0
[16, 19, 20, 23] 512.0
[16, 19, 21, 24] 448.0
[16, 19, 22, 25] 384.0
[16, 19, 23, 26] 320.0
[16, 19, 24, 27] 256.0
[16, 19, 25, 28] 192.0
[16, 19, 26, 29] 128.0
[16, 19, 27, 30] 64.0
[16, 20, 21, 25] 384.0
[16, 20, 22, 26] 320.0
[16, 20, 23, 27] 256.0
[16, 20, 24, 28] 192.0
[16, 20, 25, 29] 128.0
[16, 20, 26, 30] 64.0
[16, 21, 22, 27] 256.0
[16, 21, 23, 28] 192.0
[16, 21, 24, 29] 128.0
[16, 21, 25, 30] 64.0
[16, 22, 23, 29] 128.0
[16, 22, 24, 30] 64.0
[17, 18, 19, 20] 704.0
[17, 18, 20, 21] 640.0
[17, 18, 21, 22] 576.0
[17, 18, 22, 23] 512.0
[17, 18, 23, 24] 448.0
[17, 18, 24, 25] 384.0
[17, 18, 25, 26] 320.0
[17, 18, 26, 27] 256.0
[17, 18, 27, 28] 192.0
[17, 18, 28, 29] 128.0
[17, 18, 29, 30] 64.0
[17, 19, 20, 22] 576.0
[17, 19, 21, 23] 512.0
[17, 19, 22, 24] 448.0
[17, 19, 23, 25] 384.0
[17, 19, 24, 26] 320.0
[17, 19, 25, 27] 256.0
[17, 19, 26, 28] 192.0
[17, 19, 27, 29] 128.0
[17, 19, 28, 30] 64.0
[17, 20, 21, 24] 448.0
[17, 20, 22, 25] 384.0
[17, 20, 23, 26] 320.0
[17, 20, 24, 27] 256.0
[17, 20, 25, 28] 192.0
[17, 20, 26, 29] 128.0
[17, 20, 27, 30] 64.0
[17, 21, 22, 26] 320.0
[17, 21, 23, 27] 256.0
[17, 21, 24, 28] 192.0
[17, 21, 25, 29] 128.0
[17, 21, 26, 30] 64.0
[17, 22, 23, 28] 192.0
[17, 22, 24, 29] 128.0
[17, 22, 25, 30] 64.0
[17, 23, 24, 30] 64.0
[18, 19, 20, 21] 640.0
[18, 19, 21, 22] 576.0
[18, 19, 22, 23] 512.0
[18, 19, 23, 24] 448.0
[18, 19, 24, 25] 384.0
[18, 19, 25, 26] 320.0
[18, 19, 26, 27] 256.0
[18, 19, 27, 28] 192.0
[18, 19, 28, 29] 128.0
[18, 19, 29, 30] 64.0
[18, 20, 21, 23] 512.0
[18, 20, 22, 24] 448.0
[18, 20, 23, 25] 384.0
[18, 20, 24, 26] 320.0
[18, 20, 25, 27] 256.0
[18, 20, 26, 28] 192.0
[18, 20, 27, 29] 128.0
[18, 20, 28, 30] 64.0
[18, 21, 22, 25] 384.0
[18, 21, 23, 26] 320.0
[18, 21, 24, 27] 256.0
[18, 21, 25, 28] 192.0
[18, 21, 26, 29] 128.0
[18, 21, 27, 30] 64.0
[18, 22, 23, 27] 256.0
[18, 22, 24, 28] 192.0
[18, 22, 25, 29] 128.0
[18, 22, 26, 30] 64.0
[18, 23, 24, 29] 128.0
[18, 23, 25, 30] 64.0
[19, 20, 21, 22] 576.0
[19, 20, 22, 23] 512.0
[19, 20, 23, 24] 448.0
[19, 20, 24, 25] 384.0
[19, 20, 25, 26] 320.0
[19, 20, 26, 27] 256.0
[19, 20, 27, 28] 192.0
[19, 20, 28, 29] 128.0
[19, 20, 29, 30] 64.0
[19, 21, 22, 24] 448.0
[19, 21, 23, 25] 384.0
[19, 21, 24, 26] 320.0
[19, 21, 25, 27] 256.0
[19, 21, 26, 28] 192.0
[19, 21, 27, 29] 128.0
[19, 21, 28, 30] 64.0
[19, 22, 23, 26] 320.0
[19, 22, 24, 27] 256.0
[19, 22, 25, 28] 192.0
[19, 22, 26, 29] 128.0
[19, 22, 27, 30] 64.0
[19, 23, 24, 28] 192.0
[19, 23, 25, 29] 128.0
[19, 23, 26, 30] 64.0
[19, 24, 25, 30] 64.0
[20, 21, 22, 23] 512.0
[20, 21, 23, 24] 448.0
[20, 21, 24, 25] 384.0
[20, 21, 25, 26] 320.0
[20, 21, 26, 27] 256.0
[20, 21, 27, 28] 192.0
[20, 21, 28, 29] 128.0
[20, 21, 29, 30] 64.0
[20, 22, 23, 25] 384.0
[20, 22, 24, 26] 320.0
[20, 22, 25, 27] 256.0
[20, 22, 26, 28] 192.0
[20, 22, 27, 29] 128.0
[20, 22, 28, 30] 64.0
[20, 23, 24, 27] 256.0
[20, 23, 25, 28] 192.0
[20, 23, 26, 29] 128.0
[20, 23, 27, 30] 64.0
[20, 24, 25, 29] 128.0
[20, 24, 26, 30] 64.0
[21, 22, 23, 24] 448.0
[21, 22, 24, 25] 384.0
[21, 22, 25, 26] 320.0
[21, 22, 26, 27] 256.0
[21, 22, 27, 28] 192.0
[21, 22, 28, 29] 128.0
[21, 22, 29, 30] 64.0
[21, 23, 24, 26] 320.0
[21, 23, 25, 27] 256.0
[21, 23, 26, 28] 192.0
[21, 23, 27, 29] 128.0
[21, 23, 28, 30] 64.0
[21, 24, 25, 28] 192.0
[21, 24, 26, 29] 128.0
[21, 24, 27, 30] 64.0
[21, 25, 26, 30] 64.0
[22, 23, 24, 25] 384.0
[22, 23, 25, 26] 320.0
[22, 23, 26, 27] 256.0
[22, 23, 27, 28] 192.0
[22, 23, 28, 29] 128.0
[22, 23, 29, 30] 64.0
[22, 24, 25, 27] 256.0
[22, 24, 26, 28] 192.0
[22, 24, 27, 29] 128.0
[22, 24, 28, 30] 64.0
[22, 25, 26, 29] 128.0
[22, 25, 27, 30] 64.0
[23, 24, 25, 26] 320.0
[23, 24, 26, 27] 256.0
[23, 24, 27, 28] 192.0
[23, 24, 28, 29] 128.0
[23, 24, 29, 30] 64.0
[23, 25, 26, 28] 192.0
[23, 25, 27, 29] 128.0
[23, 25, 28, 30] 64.0
[23, 26, 27, 30] 64.0
[24, 25, 26, 27] 256.0
[24, 25, 27, 28] 192.0
[24, 25, 28, 29] 128.0
[24, 25, 29, 30] 64.0
[24, 26, 27, 29] 128.0
[24, 26, 28, 30] 64.0
[25, 26, 27, 28] 192.0
[25, 26, 28, 29] 128.0
[25, 26, 29, 30] 64.0
[25, 27, 28, 30] 64.0
[26, 27, 28, 29] 128.0
[26, 27, 29, 30] 64.0
[27, 28, 29, 30] 64.0
[1, 2, 3] -32.0
[1, 2, 4] -64.0
[1, 2, 5] -64.0
[1, 2, 6] -64.0
[1, 2, 7] -64.0
[1, 2, 8] -64.0
[1, 2, 9] -64.0
[1, 2, 10] -64.0
[1, 2, 11] -64.0
[1, 2, 12] -64.0
[1, 2, 13] -64.0
[1, 2, 14] -64.0
[1, 2, 15] -32.0
[1, 3, 4] -64.0
[1, 3, 5] -32.0
[1, 3, 6] -64.0
[1, 3, 7] -64.0
[1, 3, 8] -64.0
[1, 3, 9] -64.0
[1, 3, 10] -64.0
[1, 3, 11] -64.0
[1, 3, 12] -64.0
[1, 3, 13] -64.0
[1, 3, 14] -32.0
[1, 3, 15] -32.0
[1, 4, 5] -64.0
[1, 4, 6] -64.0
[1, 4, 7] -32.0
[1, 4, 8] -64.0
[1, 4, 9] -64.0
[1, 4, 10] -64.0
[1, 4, 11] -64.0
[1, 4, 12] -64.0
[1, 4, 13] -32.0
[1, 4, 14] -32.0
[1, 4, 15] -32.0
[1, 5, 6] -64.0
[1, 5, 7] -64.0
[1, 5, 8] -64.0
[1, 5, 9] -32.0
[1, 5, 10] -64.0
[1, 5, 11] -64.0
[1, 5, 12] -32.0
[1, 5, 13] -32.0
[1, 5, 14] -32.0
[1, 5, 15] -32.0
[1, 6, 7] -64.0
[1, 6, 8] -64.0
[1, 6, 9] -64.0
[1, 6, 10] -64.0
[1, 6, 12] -32.0
[1, 6, 13] -32.0
[1, 6, 14] -32.0
[1, 6, 15] -32.0
[1, 7, 8] -64.0
[1, 7, 9] -64.0
[1, 7, 10] -32.0
[1, 7, 11] -32.0
[1, 7, 12] -32.0
[1, 7, 14] -32.0
[1, 7, 15] -32.0
[1, 8, 9] -32.0
[1, 8, 10] -32.0
[1, 8, 11] -32.0
[1, 8, 12] -32.0
[1, 8, 13] -32.0
[1, 8, 14] -32.0
[1, 9, 10] -32.0
[1, 9, 11] -32.0
[1, 9, 12] -32.0
[1, 9, 13] -32.0
[1, 9, 14] -32.0
[1, 9, 15] -32.0
[1, 10, 11] -32.0
[1, 10, 12] -32.0
[1, 10, 13] -32.0
[1, 10, 14] -32.0
[1, 10, 15] -32.0
[1, 11, 12] -32.0
[1, 11, 13] -32.0
[1, 11, 14] -32.0
[1, 11, 15] -32.0
[1, 12, 13] -32.0
[1, 12, 14] -32.0
[1, 12, 15] -32.0
[1, 13, 14] -32.0
[1, 13, 15] -32.0
[1, 14, 15] -32.0
[2, 3, 4] -96.0
[2, 3, 5] -128.0
[2, 3, 6] -128.0
[2, 3, 7] -128.0
[2, 3, 8] -128.0
[2, 3, 9] -128.0
[2, 3, 10] -128.0
[2, 3, 11] -128.0
[2, 3, 12] -128.0
[2, 3, 13] -128.0
[2, 3, 14] -128.0
[2, 3, 15] -96.0
[2, 3, 16] -32.0
[2, 4, 5] -160.0
[2, 4, 6] -64.0
[2, 4, 7] -128.0
[2, 4, 8] -128.0
[2, 4, 9] -128.0
[2, 4, 10] -128.0
[2, 4, 11] -128.0
[2, 4, 12] -128.0
[2, 4, 13] -128.0
[2, 4, 14] -96.0
[2, 4, 15] -64.0
[2, 4, 16] -32.0
[2, 5, 6] -160.0
[2, 5, 7] -128.0
[2, 5, 8] -64.0
[2, 5, 9] -128.0
[2, 5, 10] -128.0
[2, 5, 11] -128.0
[2, 5, 12] -128.0
[2, 5, 13] -96.0
[2, 5, 14] -64.0
[2, 5, 15] -64.0
[2, 5, 16] -32.0
[2, 6, 7] -160.0
[2, 6, 8] -128.0
[2, 6, 9] -128.0
[2, 6, 10] -64.0
[2, 6, 11] -128.0
[2, 6, 12] -96.0
[2, 6, 13] -64.0
[2, 6, 14] -64.0
[2, 6, 15] -64.0
[2, 6, 16] -32.0
[2, 7, 8] -160.0
[2, 7, 9] -128.0
[2, 7, 10] -128.0
[2, 7, 11] -96.0
[2, 7, 13] -64.0
[2, 7, 14] -64.0
[2, 7, 15] -64.0
[2, 7, 16] -32.0
[2, 8, 9] -160.0
[2, 8, 10] -96.0
[2, 8, 11] -64.0
[2, 8, 12] -64.0
[2, 8, 13] -64.0
[2, 8, 15] -64.0
[2, 8, 16] -32.0
[2, 9, 10] -96.0
[2, 9, 11] -64.0
[2, 9, 12] -64.0
[2, 9, 13] -64.0
[2, 9, 14] -64.0
[2, 9, 15] -64.0
[2, 10, 11] -96.0
[2, 10, 12] -64.0
[2, 10, 13] -64.0
[2, 10, 14] -64.0
[2, 10, 15] -64.0
[2, 10, 16] -32.0
[2, 11, 12] -96.0
[2, 11, 13] -64.0
[2, 11, 14] -64.0
[2, 11, 15] -64.0
[2, 11, 16] -32.0
[2, 12, 13] -96.0
[2, 12, 14] -64.0
[2, 12, 15] -64.0
[2, 12, 16] -32.0
[2, 13, 14] -96.0
[2, 13, 15] -64.0
[2, 13, 16] -32.0
[2, 14, 15] -96.0
[2, 14, 16] -32.0
[2, 15, 16] -32.0
[3, 4, 5] -160.0
[3, 4, 6] -224.0
[3, 4, 7] -192.0
[3, 4, 8] -192.0
[3, 4, 9] -192.0
[3, 4, 10] -192.0
[3, 4, 11] -192.0
[3, 4, 12] -192.0
[3, 4, 13] -192.0
[3, 4, 14] -192.0
[3, 4, 15] -160.0
[3, 4, 16] -96.0
[3, 4, 17] -32.0
[3, 5, 6] -256.0
[3, 5, 7] -128.0
[3, 5, 8] -192.0
[3, 5, 9] -192.0
[3, 5, 10] -192.0
[3, 5, 11] -192.0
[3, 5, 12] -192.0
[3, 5, 13] -192.0
[3, 5, 14] -160.0
[3, 5, 15] -128.0
[3, 5, 16] -64.0
[3, 5, 17] -32.0
[3, 6, 7] -256.0
[3, 6, 8] -224.0
[3, 6, 9] -96.0
[3, 6, 10] -192.0
[3, 6, 11] -192.0
[3, 6, 12] -192.0
[3, 6, 13] -160.0
[3, 6, 14] -128.0
[3, 6, 15] -96.0
[3, 6, 16] -64.0
[3, 6, 17] -32.0
[3, 7, 8] -256.0
[3, 7, 9] -224.0
[3, 7, 10] -192.0
[3, 7, 11] -96.0
[3, 7, 12] -160.0
[3, 7, 13] -128.0
[3, 7, 14] -96.0
[3, 7, 15] -96.0
[3, 7, 16] -64.0
[3, 7, 17] -32.0
[3, 8, 9] -256.0
[3, 8, 10] -224.0
[3, 8, 11] -160.0
[3, 8, 12] -128.0
[3, 8, 14] -96.0
[3, 8, 15] -96.0
[3, 8, 16] -64.0
[3, 8, 17] -32.0
[3, 9, 10] -224.0
[3, 9, 11] -160.0
[3, 9, 12] -96.0
[3, 9, 13] -96.0
[3, 9, 14] -96.0
[3, 9, 16] -64.0
[3, 9, 17] -32.0
[3, 10, 11] -160.0
[3, 10, 12] -128.0
[3, 10, 13] -96.0
[3, 10, 14] -96.0
[3, 10, 15] -96.0
[3, 10, 16] -64.0
[3, 11, 12] -160.0
[3, 11, 13] -128.0
[3, 11, 14] -96.0
[3, 11, 15] -96.0
[3, 11, 16] -64.0
[3, 11, 17] -32.0
[3, 12, 13] -160.0
[3, 12, 14] -128.0
[3, 12, 15] -96.0
[3, 12, 16] -64.0
[3, 12, 17] -32.0
[3, 13, 14] -160.0
[3, 13, 15] -128.0
[3, 13, 16] -64.0
[3, 13, 17] -32.0
[3, 14, 15] -160.0
[3, 14, 16] -64.0
[3, 14, 17] -32.0
[3, 15, 16] -96.0
[3, 15, 17] -32.0
[3, 16, 17] -32.0
[4, 5, 6] -224.0
[4, 5, 7] -320.0
[4, 5, 8] -288.0
[4, 5, 9] -256.0
[4, 5, 10] -256.0
[4, 5, 11] -256.0
[4, 5, 12] -256.0
[4, 5, 13] -256.0
[4, 5, 14] -256.0
[4, 5, 15] -224.0
[4, 5, 16] -160.0
[4, 5, 17] -96.0
[4, 5, 18] -32.0
[4, 6, 7] -352.0
[4, 6, 8] -192.0
[4, 6, 9] -288.0
[4, 6, 10] -256.0
[4, 6, 11] -256.0
[4, 6, 12] -256.0
[4, 6, 13] -256.0
[4, 6, 14] -224.0
[4, 6, 15] -192.0
[4, 6, 16] -128.0
[4, 6, 17] -64.0
[4, 6, 18] -32.0
[4, 7, 8] -352.0
[4, 7, 9] -320.0
[4, 7, 10] -160.0
[4, 7, 11] -256.0
[4, 7, 12] -256.0
[4, 7, 13] -224.0
[4, 7, 14] -192.0
[4, 7, 15] -160.0
[4, 7, 16] -96.0
[4, 7, 17] -64.0
[4, 7, 18] -32.0
[4, 8, 9] -352.0
[4, 8, 10] -320.0
[4, 8, 11] -288.0
[4, 8, 12] -96.0
[4, 8, 13] -192.0
[4, 8, 14] -160.0
[4, 8, 15] -128.0
[4, 8, 16] -96.0
[4, 8, 17] -64.0
[4, 8, 18] -32.0
[4, 9, 10] -352.0
[4, 9, 11] -288.0
[4, 9, 12] -224.0
[4, 9, 13] -160.0
[4, 9, 15] -128.0
[4, 9, 16] -96.0
[4, 9, 17] -64.0
[4, 9, 18] -32.0
[4, 10, 11] -288.0
[4, 10, 12] -224.0
[4, 10, 13] -160.0
[4, 10, 14] -128.0
[4, 10, 15] -128.0
[4, 10, 17] -64.0
[4, 10, 18] -32.0
[4, 11, 12] -224.0
[4, 11, 13] -192.0
[4, 11, 14] -160.0
[4, 11, 15] -128.0
[4, 11, 16] -96.0
[4, 11, 17] -64.0
[4, 12, 13] -224.0
[4, 12, 14] -192.0
[4, 12, 15] -160.0
[4, 12, 16] -96.0
[4, 12, 17] -64.0
[4, 12, 18] -32.0
[4, 13, 14] -224.0
[4, 13, 15] -192.0
[4, 13, 16] -96.0
[4, 13, 17] -64.0
[4, 13, 18] -32.0
[4, 14, 15] -224.0
[4, 14, 16] -128.0
[4, 14, 17] -64.0
[4, 14, 18] -32.0
[4, 15, 16] -160.0
[4, 15, 17] -64.0
[4, 15, 18] -32.0
[4, 16, 17] -96.0
[4, 16, 18] -32.0
[4, 17, 18] -32.0
[5, 6, 7] -288.0
[5, 6, 8] -416.0
[5, 6, 9] -384.0
[5, 6, 10] -352.0
[5, 6, 11] -320.0
[5, 6, 12] -320.0
[5, 6, 13] -320.0
[5, 6, 14] -320.0
[5, 6, 15] -288.0
[5, 6, 16] -224.0
[5, 6, 17] -160.0
[5, 6, 18] -96.0
[5, 6, 19] -32.0
[5, 7, 8] -448.0
[5, 7, 9] -256.0
[5, 7, 10] -384.0
[5, 7, 11] -352.0
[5, 7, 12] -320.0
[5, 7, 13] -320.0
[5, 7, 14] -288.0
[5, 7, 15] -256.0
[5, 7, 16] -192.0
[5, 7, 17] -128.0
[5, 7, 18] -64.0
[5, 7, 19] -32.0
[5, 8, 9] -448.0
[5, 8, 10] -416.0
[5, 8, 11] -224.0
[5, 8, 12] -352.0
[5, 8, 13] -288.0
[5, 8, 14] -256.0
[5, 8, 15] -224.0
[5, 8, 16] -160.0
[5, 8, 17] -96.0
[5, 8, 18] -64.0
[5, 8, 19] -32.0
[5, 9, 10] -448.0
[5, 9, 11] -416.0
[5, 9, 12] -352.0
[5, 9, 13] -128.0
[5, 9, 14] -224.0
[5, 9, 15] -192.0
[5, 9, 16] -128.0
[5, 9, 17] -96.0
[5, 9, 18] -64.0
[5, 9, 19] -32.0
[5, 10, 11] -416.0
[5, 10, 12] -352.0
[5, 10, 13] -288.0
[5, 10, 14] -224.0
[5, 10, 16] -128.0
[5, 10, 17] -96.0
[5, 10, 18] -64.0
[5, 10, 19] -32.0
[5, 11, 12] -352.0
[5, 11, 13] -288.0
[5, 11, 14] -224.0
[5, 11, 15] -192.0
[5, 11, 16] -128.0
[5, 11, 18] -64.0
[5, 11, 19] -32.0
[5, 12, 13] -288.0
[5, 12, 14] -256.0
[5, 12, 15] -224.0
[5, 12, 16] -128.0
[5, 12, 17] -96.0
[5, 12, 18] -64.0
[5, 13, 14] -288.0
[5, 13, 15] -256.0
[5, 13, 16] -160.0
[5, 13, 17] -96.0
[5, 13, 18] -64.0
[5, 13, 19] -32.0
[5, 14, 15] -288.0
[5, 14, 16] -192.0
[5, 14, 17] -96.0
[5, 14, 18] -64.0
[5, 14, 19] -32.0
[5, 15, 16] -224.0
[5, 15, 17] -128.0
[5, 15, 18] -64.0
[5, 15, 19] -32.0
[5, 16, 17] -160.0
[5, 16, 18] -64.0
[5, 16, 19] -32.0
[5, 17, 18] -96.0
[5, 17, 19] -32.0
[5, 18, 19] -32.0
[6, 7, 8] -352.0
[6, 7, 9] -512.0
[6, 7, 10] -480.0
[6, 7, 11] -448.0
[6, 7, 12] -416.0
[6, 7, 13] -384.0
[6, 7, 14] -384.0
[6, 7, 15] -352.0
[6, 7, 16] -288.0
[6, 7, 17] -224.0
[6, 7, 18] -160.0
[6, 7, 19] -96.0
[6, 7, 20] -32.0
[6, 8, 9] -544.0
[6, 8, 10] -320.0
[6, 8, 11] -480.0
[6, 8, 12] -448.0
[6, 8, 13] -416.0
[6, 8, 14] -352.0
[6, 8, 15] -320.0
[6, 8, 16] -256.0
[6, 8, 17] -192.0
[6, 8, 18] -128.0
[6, 8, 19] -64.0
[6, 8, 20] -32.0
[6, 9, 10] -544.0
[6, 9, 11] -512.0
[6, 9, 12] -288.0
[6, 9, 13] -416.0
[6, 9, 14] -352.0
[6, 9, 15] -288.0
[6, 9, 16] -224.0
[6, 9, 17] -160.0
[6, 9, 18] -96.0
[6, 9, 19] -64.0
[6, 9, 20] -32.0
[6, 10, 11] -544.0
[6, 10, 12] -480.0
[6, 10, 13] -416.0
[6, 10, 14] -160.0
[6, 10, 15] -288.0
[6, 10, 16] -192.0
[6, 10, 17] -128.0
[6, 10, 18] -96.0
[6, 10, 19] -64.0
[6, 10, 20] -32.0
[6, 11, 12] -480.0
[6, 11, 13] -416.0
[6, 11, 14] -352.0
[6, 11, 15] -288.0
[6, 11, 17] -128.0
[6, 11, 18] -96.0
[6, 11, 19] -64.0
[6, 11, 20] -32.0
[6, 12, 13] -416.0
[6, 12, 14] -352.0
[6, 12, 15] -288.0
[6, 12, 16] -192.0
[6, 12, 17] -128.0
[6, 12, 19] -64.0
[6, 12, 20] -32.0
[6, 13, 14] -352.0
[6, 13, 15] -320.0
[6, 13, 16] -224.0
[6, 13, 17] -128.0
[6, 13, 18] -96.0
[6, 13, 19] -64.0
[6, 14, 15] -352.0
[6, 14, 16] -256.0
[6, 14, 17] -160.0
[6, 14, 18] -96.0
[6, 14, 19] -64.0
[6, 14, 20] -32.0
[6, 15, 16] -288.0
[6, 15, 17] -192.0
[6, 15, 18] -96.0
[6, 15, 19] -64.0
[6, 15, 20] -32.0
[6, 16, 17] -224.0
[6, 16, 18] -128.0
[6, 16, 19] -64.0
[6, 16, 20] -32.0
[6, 17, 18] -160.0
[6, 17, 19] -64.0
[6, 17, 20] -32.0
[6, 18, 19] -96.0
[6, 18, 20] -32.0
[6, 19, 20] -32.0
[7, 8, 9] -416.0
[7, 8, 10] -608.0
[7, 8, 11] -576.0
[7, 8, 12] -544.0
[7, 8, 13] -512.0
[7, 8, 14] -480.0
[7, 8, 15] -416.0
[7, 8, 16] -352.0
[7, 8, 17] -288.0
[7, 8, 18] -224.0
[7, 8, 19] -160.0
[7, 8, 20] -96.0
[7, 8, 21] -32.0
[7, 9, 10] -640.0
[7, 9, 11] -384.0
[7, 9, 12] -576.0
[7, 9, 13] -544.0
[7, 9, 14] -480.0
[7, 9, 15] -416.0
[7, 9, 16] -320.0
[7, 9, 17] -256.0
[7, 9, 18] -192.0
[7, 9, 19] -128.0
[7, 9, 20] -64.0
[7, 9, 21] -32.0
[7, 10, 11] -640.0
[7, 10, 12] -608.0
[7, 10, 13] -320.0
[7, 10, 14] -480.0
[7, 10, 15] -416.0
[7, 10, 16] -288.0
[7, 10, 17] -224.0
[7, 10, 18] -160.0
[7, 10, 19] -96.0
[7, 10, 20] -64.0
[7, 10, 21] -32.0
[7, 11, 12] -608.0
[7, 11, 13] -544.0
[7, 11, 14] -480.0
[7, 11, 15] -192.0
[7, 11, 16] -288.0
[7, 11, 17] -192.0
[7, 11, 18] -128.0
[7, 11, 19] -96.0
[7, 11, 20] -64.0
[7, 11, 21] -32.0
[7, 12, 13] -544.0
[7, 12, 14] -480.0
[7, 12, 15] -416.0
[7, 12, 16] -288.0
[7, 12, 18] -128.0
[7, 12, 19] -96.0
[7, 12, 20] -64.0
[7, 12, 21] -32.0
[7, 13, 14] -480.0
[7, 13, 15] -416.0
[7, 13, 16] -288.0
[7, 13, 17] -192.0
[7, 13, 18] -128.0
[7, 13, 20] -64.0
[7, 13, 21] -32.0
[7, 14, 15] -416.0
[7, 14, 16] -320.0
[7, 14, 17] -224.0
[7, 14, 18] -128.0
[7, 14, 19] -96.0
[7, 14, 20] -64.0
[7, 15, 16] -352.0
[7, 15, 17] -256.0
[7, 15, 18] -160.0
[7, 15, 19] -96.0
[7, 15, 20] -64.0
[7, 15, 21] -32.0
[7, 16, 17] -288.0
[7, 16, 18] -192.0
[7, 16, 19] -96.0
[7, 16, 20] -64.0
[7, 16, 21] -32.0
[7, 17, 18] -224.0
[7, 17, 19] -128.0
[7, 17, 20] -64.0
[7, 17, 21] -32.0
[7, 18, 19] -160.0
[7, 18, 20] -64.0
[7, 18, 21] -32.0
[7, 19, 20] -96.0
[7, 19, 21] -32.0
[7, 20, 21] -32.0
[8, 9, 10] -480.0
[8, 9, 11] -704.0
[8, 9, 12] -672.0
[8, 9, 13] -640.0
[8, 9, 14] -608.0
[8, 9, 15] -544.0
[8, 9, 16] -416.0
[8, 9, 17] -352.0
[8, 9, 18] -288.0
[8, 9, 19] -224.0
[8, 9, 20] -160.0
[8, 9, 21] -96.0
[8, 9, 22] -32.0
[8, 10, 11] -736.0
[8, 10, 12] -448.0
[8, 10, 13] -672.0
[8, 10, 14] -608.0
[8, 10, 15] -544.0
[8, 10, 16] -416.0
[8, 10, 17] -320.0
[8, 10, 18] -256.0
[8, 10, 19] -192.0
[8, 10, 20] -128.0
[8, 10, 21] -64.0
[8, 10, 22] -32.0
[8, 11, 12] -736.0
[8, 11, 13] -672.0
[8, 11, 14] -352.0
[8, 11, 15] -544.0
[8, 11, 16] -416.0
[8, 11, 17] -288.0
[8, 11, 18] -224.0
[8, 11, 19] -160.0
[8, 11, 20] -96.0
[8, 11, 21] -64.0
[8, 11, 22] -32.0
[8, 12, 13] -672.0
[8, 12, 14] -608.0
[8, 12, 15] -544.0
[8, 12, 16] -192.0
[8, 12, 17] -288.0
[8, 12, 18] -192.0
[8, 12, 19] -128.0
[8, 12, 20] -96.0
[8, 12, 21] -64.0
[8, 12, 22] -32.0
[8, 13, 14] -608.0
[8, 13, 15] -544.0
[8, 13, 16] -416.0
[8, 13, 17] -288.0
[8, 13, 19] -128.0
[8, 13, 20] -96.0
[8, 13, 21] -64.0
[8, 13, 22] -32.0
[8, 14, 15] -544.0
[8, 14, 16] -416.0
[8, 14, 17] -288.0
[8, 14, 18] -192.0
[8, 14, 19] -128.0
[8, 14, 21] -64.0
[8, 14, 22] -32.0
[8, 15, 16] -416.0
[8, 15, 17] -320.0
[8, 15, 18] -224.0
[8, 15, 19] -128.0
[8, 15, 20] -96.0
[8, 15, 21] -64.0
[8, 16, 17] -352.0
[8, 16, 18] -256.0
[8, 16, 19] -160.0
[8, 16, 20] -96.0
[8, 16, 21] -64.0
[8, 16, 22] -32.0
[8, 17, 18] -288.0
[8, 17, 19] -192.0
[8, 17, 20] -96.0
[8, 17, 21] -64.0
[8, 17, 22] -32.0
[8, 18, 19] -224.0
[8, 18, 20] -128.0
[8, 18, 21] -64.0
[8, 18, 22] -32.0
[8, 19, 20] -160.0
[8, 19, 21] -64.0
[8, 19, 22] -32.0
[8, 20, 21] -96.0
[8, 20, 22] -32.0
[8, 21, 22] -32.0
[9, 10, 11] -544.0
[9, 10, 12] -800.0
[9, 10, 13] -768.0
[9, 10, 14] -736.0
[9, 10, 15] -672.0
[9, 10, 16] -544.0
[9, 10, 17] -416.0
[9, 10, 18] -352.0
[9, 10, 19] -288.0
[9, 10, 20] -224.0
[9, 10, 21] -160.0
[9, 10, 22] -96.0
[9, 10, 23] -32.0
[9, 11, 12] -832.0
[9, 11, 13] -512.0
[9, 11, 14] -736.0
[9, 11, 15] -672.0
[9, 11, 16] -544.0
[9, 11, 17] -416.0
[9, 11, 18] -320.0
[9, 11, 19] -256.0
[9, 11, 20] -192.0
[9, 11, 21] -128.0
[9, 11, 22] -64.0
[9, 11, 23] -32.0
[9, 12, 13] -800.0
[9, 12, 14] -736.0
[9, 12, 15] -384.0
[9, 12, 16] -544.0
[9, 12, 17] -416.0
[9, 12, 18] -288.0
[9, 12, 19] -224.0
[9, 12, 20] -160.0
[9, 12, 21] -96.0
[9, 12, 22] -64.0
[9, 12, 23] -32.0
[9, 13, 14] -736.0
[9, 13, 15] -672.0
[9, 13, 16] -544.0
[9, 13, 17] -192.0
[9, 13, 18] -288.0
[9, 13, 19] -192.0
[9, 13, 20] -128.0
[9, 13, 21] -96.0
[9, 13, 22] -64.0
[9, 13, 23] -32.0
[9, 14, 15] -672.0
[9, 14, 16] -544.0
[9, 14, 17] -416.0
[9, 14, 18] -288.0
[9, 14, 20] -128.0
[9, 14, 21] -96.0
[9, 14, 22] -64.0
[9, 14, 23] -32.0
[9, 15, 16] -544.0
[9, 15, 17] -416.0
[9, 15, 18] -288.0
[9, 15, 19] -192.0
[9, 15, 20] -128.0
[9, 15, 22] -64.0
[9, 15, 23] -32.0
[9, 16, 17] -416.0
[9, 16, 18] -320.0
[9, 16, 19] -224.0
[9, 16, 20] -128.0
[9, 16, 21] -96.0
[9, 16, 22] -64.0
[9, 17, 18] -352.0
[9, 17, 19] -256.0
[9, 17, 20] -160.0
[9, 17, 21] -96.0
[9, 17, 22] -64.0
[9, 17, 23] -32.0
[9, 18, 19] -288.0
[9, 18, 20] -192.0
[9, 18, 21] -96.0
[9, 18, 22] -64.0
[9, 18, 23] -32.0
[9, 19, 20] -224.0
[9, 19, 21] -128.0
[9, 19, 22] -64.0
[9, 19, 23] -32.0
[9, 20, 21] -160.0
[9, 20, 22] -64.0
[9, 20, 23] -32.0
[9, 21, 22] -96.0
[9, 21, 23] -32.0
[9, 22, 23] -32.0
[10, 11, 12] -608.0
[10, 11, 13] -896.0
[10, 11, 14] -864.0
[10, 11, 15] -800.0
[10, 11, 16] -672.0
[10, 11, 17] -544.0
[10, 11, 18] -416.0
[10, 11, 19] -352.0
[10, 11, 20] -288.0
[10, 11, 21] -224.0
[10, 11, 22] -160.0
[10, 11, 23] -96.0
[10, 11, 24] -32.0
[10, 12, 13] -928.0
[10, 12, 14] -544.0
[10, 12, 15] -800.0
[10, 12, 16] -672.0
[10, 12, 17] -544.0
[10, 12, 18] -416.0
[10, 12, 19] -320.0
[10, 12, 20] -256.0
[10, 12, 21] -192.0
[10, 12, 22] -128.0
[10, 12, 23] -64.0
[10, 12, 24] -32.0
[10, 13, 14] -864.0
[10, 13, 15] -800.0
[10, 13, 16] -384.0
[10, 13, 17] -544.0
[10, 13, 18] -416.0
[10, 13, 19] -288.0
[10, 13, 20] -224.0
[10, 13, 21] -160.0
[10, 13, 22] -96.0
[10, 13, 23] -64.0
[10, 13, 24] -32.0
[10, 14, 15] -800.0
[10, 14, 16] -672.0
[10, 14, 17] -544.0
[10, 14, 18] -192.0
[10, 14, 19] -288.0
[10, 14, 20] -192.0
[10, 14, 21] -128.0
[10, 14, 22] -96.0
[10, 14, 23] -64.0
[10, 14, 24] -32.0
[10, 15, 16] -672.0
[10, 15, 17] -544.0
[10, 15, 18] -416.0
[10, 15, 19] -288.0
[10, 15, 21] -128.0
[10, 15, 22] -96.0
[10, 15, 23] -64.0
[10, 15, 24] -32.0
[10, 16, 17] -544.0
[10, 16, 18] -416.0
[10, 16, 19] -288.0
[10, 16, 20] -192.0
[10, 16, 21] -128.0
[10, 16, 23] -64.0
[10, 16, 24] -32.0
[10, 17, 18] -416.0
[10, 17, 19] -320.0
[10, 17, 20] -224.0
[10, 17, 21] -128.0
[10, 17, 22] -96.0
[10, 17, 23] -64.0
[10, 18, 19] -352.0
[10, 18, 20] -256.0
[10, 18, 21] -160.0
[10, 18, 22] -96.0
[10, 18, 23] -64.0
[10, 18, 24] -32.0
[10, 19, 20] -288.0
[10, 19, 21] -192.0
[10, 19, 22] -96.0
[10, 19, 23] -64.0
[10, 19, 24] -32.0
[10, 20, 21] -224.0
[10, 20, 22] -128.0
[10, 20, 23] -64.0
[10, 20, 24] -32.0
[10, 21, 22] -160.0
[10, 21, 23] -64.0
[10, 21, 24] -32.0
[10, 22, 23] -96.0
[10, 22, 24] -32.0
[10, 23, 24] -32.0
[11, 12, 13] -672.0
[11, 12, 14] -992.0
[11, 12, 15] -928.0
[11, 12, 16] -800.0
[11, 12, 17] -672.0
[11, 12, 18] -544.0
[11, 12, 19] -416.0
[11, 12, 20] -352.0
[11, 12, 21] -288.0
[11, 12, 22] -224.0
[11, 12, 23] -160.0
[11, 12, 24] -96.0
[11, 12, 25] -32.0
[11, 13, 14] -992.0
[11, 13, 15] -576.0
[11, 13, 16] -800.0
[11, 13, 17] -672.0
[11, 13, 18] -544.0
[11, 13, 19] -416.0
[11, 13, 20] -320.0
[11, 13, 21] -256.0
[11, 13, 22] -192.0
[11, 13, 23] -128.0
[11, 13, 24] -64.0
[11, 13, 25] -32.0
[11, 14, 15] -928.0
[11, 14, 16] -800.0
[11, 14, 17] -384.0
[11, 14, 18] -544.0
[11, 14, 19] -416.0
[11, 14, 20] -288.0
[11, 14, 21] -224.0
[11, 14, 22] -160.0
[11, 14, 23] -96.0
[11, 14, 24] -64.0
[11, 14, 25] -32.0
[11, 15, 16] -800.0
[11, 15, 17] -672.0
[11, 15, 18] -544.0
[11, 15, 19] -192.0
[11, 15, 20] -288.0
[11, 15, 21] -192.0
[11, 15, 22] -128.0
[11, 15, 23] -96.0
[11, 15, 24] -64.0
[11, 15, 25] -32.0
[11, 16, 17] -672.0
[11, 16, 18] -544.0
[11, 16, 19] -416.0
[11, 16, 20] -288.0
[11, 16, 22] -128.0
[11, 16, 23] -96.0
[11, 16, 24] -64.0
[11, 16, 25] -32.0
[11, 17, 18] -544.0
[11, 17, 19] -416.0
[11, 17, 20] -288.0
[11, 17, 21] -192.0
[11, 17, 22] -128.0
[11, 17, 24] -64.0
[11, 17, 25] -32.0
[11, 18, 19] -416.0
[11, 18, 20] -320.0
[11, 18, 21] -224.0
[11, 18, 22] -128.0
[11, 18, 23] -96.0
[11, 18, 24] -64.0
[11, 19, 20] -352.0
[11, 19, 21] -256.0
[11, 19, 22] -160.0
[11, 19, 23] -96.0
[11, 19, 24] -64.0
[11, 19, 25] -32.0
[11, 20, 21] -288.0
[11, 20, 22] -192.0
[11, 20, 23] -96.0
[11, 20, 24] -64.0
[11, 20, 25] -32.0
[11, 21, 22] -224.0
[11, 21, 23] -128.0
[11, 21, 24] -64.0
[11, 21, 25] -32.0
[11, 22, 23] -160.0
[11, 22, 24] -64.0
[11, 22, 25] -32.0
[11, 23, 24] -96.0
[11, 23, 25] -32.0
[11, 24, 25] -32.0
[12, 13, 14] -736.0
[12, 13, 15] -1056.0
[12, 13, 16] -928.0
[12, 13, 17] -800.0
[12, 13, 18] -672.0
[12, 13, 19] -544.0
[12, 13, 20] -416.0
[12, 13, 21] -352.0
[12, 13, 22] -288.0
[12, 13, 23] -224.0
[12, 13, 24] -160.0
[12, 13, 25] -96.0
[12, 13, 26] -32.0
[12, 14, 15] -1056.0
[12, 14, 16] -576.0
[12, 14, 17] -800.0
[12, 14, 18] -672.0
[12, 14, 19] -544.0
[12, 14, 20] -416.0
[12, 14, 21] -320.0
[12, 14, 22] -256.0
[12, 14, 23] -192.0
[12, 14, 24] -128.0
[12, 14, 25] -64.0
[12, 14, 26] -32.0
[12, 15, 16] -928.0
[12, 15, 17] -800.0
[12, 15, 18] -384.0
[12, 15, 19] -544.0
[12, 15, 20] -416.0
[12, 15, 21] -288.0
[12, 15, 22] -224.0
[12, 15, 23] -160.0
[12, 15, 24] -96.0
[12, 15, 25] -64.0
[12, 15, 26] -32.0
[12, 16, 17] -800.0
[12, 16, 18] -672.0
[12, 16, 19] -544.0
[12, 16, 20] -192.0
[12, 16, 21] -288.0
[12, 16, 22] -192.0
[12, 16, 23] -128.0
[12, 16, 24] -96.0
[12, 16, 25] -64.0
[12, 16, 26] -32.0
[12, 17, 18] -672.0
[12, 17, 19] -544.0
[12, 17, 20] -416.0
[12, 17, 21] -288.0
[12, 17, 23] -128.0
[12, 17, 24] -96.0
[12, 17, 25] -64.0
[12, 17, 26] -32.0
[12, 18, 19] -544.0
[12, 18, 20] -416.0
[12, 18, 21] -288.0
[12, 18, 22] -192.0
[12, 18, 23] -128.0
[12, 18, 25] -64.0
[12, 18, 26] -32.0
[12, 19, 20] -416.0
[12, 19, 21] -320.0
[12, 19, 22] -224.0
[12, 19, 23] -128.0
[12, 19, 24] -96.0
[12, 19, 25] -64.0
[12, 20, 21] -352.0
[12, 20, 22] -256.0
[12, 20, 23] -160.0
[12, 20, 24] -96.0
[12, 20, 25] -64.0
[12, 20, 26] -32.0
[12, 21, 22] -288.0
[12, 21, 23] -192.0
[12, 21, 24] -96.0
[12, 21, 25] -64.0
[12, 21, 26] -32.0
[12, 22, 23] -224.0
[12, 22, 24] -128.0
[12, 22, 25] -64.0
[12, 22, 26] -32.0
[12, 23, 24] -160.0
[12, 23, 25] -64.0
[12, 23, 26] -32.0
[12, 24, 25] -96.0
[12, 24, 26] -32.0
[12, 25, 26] -32.0
[13, 14, 15] -768.0
[13, 14, 16] -1056.0
[13, 14, 17] -928.0
[13, 14, 18] -800.0
[13, 14, 19] -672.0
[13, 14, 20] -544.0
[13, 14, 21] -416.0
[13, 14, 22] -352.0
[13, 14, 23] -288.0
[13, 14, 24] -224.0
[13, 14, 25] -160.0
[13, 14, 26] -96.0
[13, 14, 27] -32.0
[13, 15, 16] -1056.0
[13, 15, 17] -576.0
[13, 15, 18] -800.0
[13, 15, 19] -672.0
[13, 15, 20] -544.0
[13, 15, 21] -416.0
[13, 15, 22] -320.0
[13, 15, 23] -256.0
[13, 15, 24] -192.0
[13, 15, 25] -128.0
[13, 15, 26] -64.0
[13, 15, 27] -32.0
[13, 16, 17] -928.0
[13, 16, 18] -800.0
[13, 16, 19] -384.0
[13, 16, 20] -544.0
[13, 16, 21] -416.0
[13, 16, 22] -288.0
[13, 16, 23] -224.0
[13, 16, 24] -160.0
[13, 16, 25] -96.0
[13, 16, 26] -64.0
[13, 16, 27] -32.0
[13, 17, 18] -800.0
[13, 17, 19] -672.0
[13, 17, 20] -544.0
[13, 17, 21] -192.0
[13, 17, 22] -288.0
[13, 17, 23] -192.0
[13, 17, 24] -128.0
[13, 17, 25] -96.0
[13, 17, 26] -64.0
[13, 17, 27] -32.0
[13, 18, 19] -672.0
[13, 18, 20] -544.0
[13, 18, 21] -416.0
[13, 18, 22] -288.0
[13, 18, 24] -128.0
[13, 18, 25] -96.0
[13, 18, 26] -64.0
[13, 18, 27] -32.0
[13, 19, 20] -544.0
[13, 19, 21] -416.0
[13, 19, 22] -288.0
[13, 19, 23] -192.0
[13, 19, 24] -128.0
[13, 19, 26] -64.0
[13, 19, 27] -32.0
[13, 20, 21] -416.0
[13, 20, 22] -320.0
[13, 20, 23] -224.0
[13, 20, 24] -128.0
[13, 20, 25] -96.0
[13, 20, 26] -64.0
[13, 21, 22] -352.0
[13, 21, 23] -256.0
[13, 21, 24] -160.0
[13, 21, 25] -96.0
[13, 21, 26] -64.0
[13, 21, 27] -32.0
[13, 22, 23] -288.0
[13, 22, 24] -192.0
[13, 22, 25] -96.0
[13, 22, 26] -64.0
[13, 22, 27] -32.0
[13, 23, 24] -224.0
[13, 23, 25] -128.0
[13, 23, 26] -64.0
[13, 23, 27] -32.0
[13, 24, 25] -160.0
[13, 24, 26] -64.0
[13, 24, 27] -32.0
[13, 25, 26] -96.0
[13, 25, 27] -32.0
[13, 26, 27] -32.0
[14, 15, 16] -768.0
[14, 15, 17] -1056.0
[14, 15, 18] -928.0
[14, 15, 19] -800.0
[14, 15, 20] -672.0
[14, 15, 21] -544.0
[14, 15, 22] -416.0
[14, 15, 23] -352.0
[14, 15, 24] -288.0
[14, 15, 25] -224.0
[14, 15, 26] -160.0
[14, 15, 27] -96.0
[14, 15, 28] -32.0
[14, 16, 17] -1056.0
[14, 16, 18] -576.0
[14, 16, 19] -800.0
[14, 16, 20] -672.0
[14, 16, 21] -544.0
[14, 16, 22] -416.0
[14, 16, 23] -320.0
[14, 16, 24] -256.0
[14, 16, 25] -192.0
[14, 16, 26] -128.0
[14, 16, 27] -64.0
[14, 16, 28] -32.0
[14, 17, 18] -928.0
[14, 17, 19] -800.0
[14, 17, 20] -384.0
[14, 17, 21] -544.0
[14, 17, 22] -416.0
[14, 17, 23] -288.0
[14, 17, 24] -224.0
[14, 17, 25] -160.0
[14, 17, 26] -96.0
[14, 17, 27] -64.0
[14, 17, 28] -32.0
[14, 18, 19] -800.0
[14, 18, 20] -672.0
[14, 18, 21] -544.0
[14, 18, 22] -192.0
[14, 18, 23] -288.0
[14, 18, 24] -192.0
[14, 18, 25] -128.0
[14, 18, 26] -96.0
[14, 18, 27] -64.0
[14, 18, 28] -32.0
[14, 19, 20] -672.0
[14, 19, 21] -544.0
[14, 19, 22] -416.0
[14, 19, 23] -288.0
[14, 19, 25] -128.0
[14, 19, 26] -96.0
[14, 19, 27] -64.0
[14, 19, 28] -32.0
[14, 20, 21] -544.0
[14, 20, 22] -416.0
[14, 20, 23] -288.0
[14, 20, 24] -192.0
[14, 20, 25] -128.0
[14, 20, 27] -64.0
[14, 20, 28] -32.0
[14, 21, 22] -416.0
[14, 21, 23] -320.0
[14, 21, 24] -224.0
[14, 21, 25] -128.0
[14, 21, 26] -96.0
[14, 21, 27] -64.0
[14, 22, 23] -352.0
[14, 22, 24] -256.0
[14, 22, 25] -160.0
[14, 22, 26] -96.0
[14, 22, 27] -64.0
[14, 22, 28] -32.0
[14, 23, 24] -288.0
[14, 23, 25] -192.0
[14, 23, 26] -96.0
[14, 23, 27] -64.0
[14, 23, 28] -32.0
[14, 24, 25] -224.0
[14, 24, 26] -128.0
[14, 24, 27] -64.0
[14, 24, 28] -32.0
[14, 25, 26] -160.0
[14, 25, 27] -64.0
[14, 25, 28] -32.0
[14, 26, 27] -96.0
[14, 26, 28] -32.0
[14, 27, 28] -32.0
[15, 16, 17] -768.0
[15, 16, 18] -1056.0
[15, 16, 19] -928.0
[15, 16, 20] -800.0
[15, 16, 21] -672.0
[15, 16, 22] -544.0
[15, 16, 23] -416.0
[15, 16, 24] -352.0
[15, 16, 25] -288.0
[15, 16, 26] -224.0
[15, 16, 27] -160.0
[15, 16, 28] -96.0
[15, 16, 29] -32.0
[15, 17, 18] -1056.0
[15, 17, 19] -576.0
[15, 17, 20] -800.0
[15, 17, 21] -672.0
[15, 17, 22] -544.0
[15, 17, 23] -416.0
[15, 17, 24] -320.0
[15, 17, 25] -256.0
[15, 17, 26] -192.0
[15, 17, 27] -128.0
[15, 17, 28] -64.0
[15, 17, 29] -32.0
[15, 18, 19] -928.0
[15, 18, 20] -800.0
[15, 18, 21] -384.0
[15, 18, 22] -544.0
[15, 18, 23] -416.0
[15, 18, 24] -288.0
[15, 18, 25] -224.0
[15, 18, 26] -160.0
[15, 18, 27] -96.0
[15, 18, 28] -64.0
[15, 18, 29] -32.0
[15, 19, 20] -800.0
[15, 19, 21] -672.0
[15, 19, 22] -544.0
[15, 19, 23] -192.0
[15, 19, 24] -288.0
[15, 19, 25] -192.0
[15, 19, 26] -128.0
[15, 19, 27] -96.0
[15, 19, 28] -64.0
[15, 19, 29] -32.0
[15, 20, 21] -672.0
[15, 20, 22] -544.0
[15, 20, 23] -416.0
[15, 20, 24] -288.0
[15, 20, 26] -128.0
[15, 20, 27] -96.0
[15, 20, 28] -64.0
[15, 20, 29] -32.0
[15, 21, 22] -544.0
[15, 21, 23] -416.0
[15, 21, 24] -288.0
[15, 21, 25] -192.0
[15, 21, 26] -128.0
[15, 21, 28] -64.0
[15, 21, 29] -32.0
[15, 22, 23] -416.0
[15, 22, 24] -320.0
[15, 22, 25] -224.0
[15, 22, 26] -128.0
[15, 22, 27] -96.0
[15, 22, 28] -64.0
[15, 23, 24] -352.0
[15, 23, 25] -256.0
[15, 23, 26] -160.0
[15, 23, 27] -96.0
[15, 23, 28] -64.0
[15, 23, 29] -32.0
[15, 24, 25] -288.0
[15, 24, 26] -192.0
[15, 24, 27] -96.0
[15, 24, 28] -64.0
[15, 24, 29] -32.0
[15, 25, 26] -224.0
[15, 25, 27] -128.0
[15, 25, 28] -64.0
[15, 25, 29] -32.0
[15, 26, 27] -160.0
[15, 26, 28] -64.0
[15, 26, 29] -32.0
[15, 27, 28] -96.0
[15, 27, 29] -32.0
[15, 28, 29] -32.0
[16, 17, 18] -768.0
[16, 17, 19] -1056.0
[16, 17, 20] -928.0
[16, 17, 21] -800.0
[16, 17, 22] -672.0
[16, 17, 23] -544.0
[16, 17, 24] -416.0
[16, 17, 25] -352.0
[16, 17, 26] -288.0
[16, 17, 27] -224.0
[16, 17, 28] -160.0
[16, 17, 29] -96.0
[16, 17, 30] -32.0
[16, 18, 19] -1056.0
[16, 18, 20] -576.0
[16, 18, 21] -800.0
[16, 18, 22] -672.0
[16, 18, 23] -544.0
[16, 18, 24] -416.0
[16, 18, 25] -320.0
[16, 18, 26] -256.0
[16, 18, 27] -192.0
[16, 18, 28] -128.0
[16, 18, 29] -64.0
[16, 18, 30] -32.0
[16, 19, 20] -928.0
[16, 19, 21] -800.0
[16, 19, 22] -384.0
[16, 19, 23] -544.0
[16, 19, 24] -416.0
[16, 19, 25] -288.0
[16, 19, 26] -224.0
[16, 19, 27] -160.0
[16, 19, 28] -96.0
[16, 19, 29] -64.0
[16, 19, 30] -32.0
[16, 20, 21] -800.0
[16, 20, 22] -672.0
[16, 20, 23] -544.0
[16, 20, 24] -192.0
[16, 20, 25] -288.0
[16, 20, 26] -192.0
[16, 20, 27] -128.0
[16, 20, 28] -96.0
[16, 20, 29] -64.0
[16, 20, 30] -32.0
[16, 21, 22] -672.0
[16, 21, 23] -544.0
[16, 21, 24] -416.0
[16, 21, 25] -288.0
[16, 21, 27] -128.0
[16, 21, 28] -96.0
[16, 21, 29] -64.0
[16, 21, 30] -32.0
[16, 22, 23] -544.0
[16, 22, 24] -416.0
[16, 22, 25] -288.0
[16, 22, 26] -192.0
[16, 22, 27] -128.0
[16, 22, 29] -64.0
[16, 22, 30] -32.0
[16, 23, 24] -416.0
[16, 23, 25] -320.0
[16, 23, 26] -224.0
[16, 23, 27] -128.0
[16, 23, 28] -96.0
[16, 23, 29] -64.0
[16, 24, 25] -352.0
[16, 24, 26] -256.0
[16, 24, 27] -160.0
[16, 24, 28] -96.0
[16, 24, 29] -64.0
[16, 24, 30] -32.0
[16, 25, 26] -288.0
[16, 25, 27] -192.0
[16, 25, 28] -96.0
[16, 25, 29] -64.0
[16, 25, 30] -32.0
[16, 26, 27] -224.0
[16, 26, 28] -128.0
[16, 26, 29] -64.0
[16, 26, 30] -32.0
[16, 27, 28] -160.0
[16, 27, 29] -64.0
[16, 27, 30] -32.0
[16, 28, 29] -96.0
[16, 28, 30] -32.0
[16, 29, 30] -32.0
[17, 18, 19] -736.0
[17, 18, 20] -992.0
[17, 18, 21] -864.0
[17, 18, 22] -736.0
[17, 18, 23] -608.0
[17, 18, 24] -480.0
[17, 18, 25] -352.0
[17, 18, 26] -288.0
[17, 18, 27] -224.0
[17, 18, 28] -160.0
[17, 18, 29] -96.0
[17, 18, 30] -32.0
[17, 19, 20] -992.0
[17, 19, 21] -544.0
[17, 19, 22] -736.0
[17, 19, 23] -608.0
[17, 19, 24] -480.0
[17, 19, 25] -352.0
[17, 19, 26] -256.0
[17, 19, 27] -192.0
[17, 19, 28] -128.0
[17, 19, 29] -64.0
[17, 19, 30] -32.0
[17, 20, 21] -864.0
[17, 20, 22] -736.0
[17, 20, 23] -352.0
[17, 20, 24] -480.0
[17, 20, 25] -352.0
[17, 20, 26] -224.0
[17, 20, 27] -160.0
[17, 20, 28] -96.0
[17, 20, 29] -64.0
[17, 20, 30] -32.0
[17, 21, 22] -736.0
[17, 21, 23] -608.0
[17, 21, 24] -480.0
[17, 21, 25] -160.0
[17, 21, 26] -224.0
[17, 21, 27] -128.0
[17, 21, 28] -96.0
[17, 21, 29] -64.0
[17, 21, 30] -32.0
[17, 22, 23] -608.0
[17, 22, 24] -480.0
[17, 22, 25] -352.0
[17, 22, 26] -224.0
[17, 22, 28] -96.0
[17, 22, 29] -64.0
[17, 22, 30] -32.0
[17, 23, 24] -480.0
[17, 23, 25] -352.0
[17, 23, 26] -256.0
[17, 23, 27] -160.0
[17, 23, 28] -96.0
[17, 23, 30] -32.0
[17, 24, 25] -384.0
[17, 24, 26] -288.0
[17, 24, 27] -192.0
[17, 24, 28] -96.0
[17, 24, 29] -64.0
[17, 24, 30] -32.0
[17, 25, 26] -320.0
[17, 25, 27] -224.0
[17, 25, 28] -128.0
[17, 25, 29] -64.0
[17, 25, 30] -32.0
[17, 26, 27] -256.0
[17, 26, 28] -160.0
[17, 26, 29] -64.0
[17, 26, 30] -32.0
[17, 27, 28] -192.0
[17, 27, 29] -96.0
[17, 27, 30] -32.0
[17, 28, 29] -128.0
[17, 28, 30] -32.0
[17, 29, 30] -64.0
[18, 19, 20] -672.0
[18, 19, 21] -928.0
[18, 19, 22] -800.0
[18, 19, 23] -672.0
[18, 19, 24] -544.0
[18, 19, 25] -416.0
[18, 19, 26] -288.0
[18, 19, 27] -224.0
[18, 19, 28] -160.0
[18, 19, 29] -96.0
[18, 19, 30] -32.0
[18, 20, 21] -896.0
[18, 20, 22] -512.0
[18, 20, 23] -672.0
[18, 20, 24] -544.0
[18, 20, 25] -416.0
[18, 20, 26] -288.0
[18, 20, 27] -192.0
[18, 20, 28] -128.0
[18, 20, 29] -64.0
[18, 20, 30] -32.0
[18, 21, 22] -768.0
[18, 21, 23] -672.0
[18, 21, 24] -320.0
[18, 21, 25] -416.0
[18, 21, 26] -288.0
[18, 21, 27] -160.0
[18, 21, 28] -96.0
[18, 21, 29] -64.0
[18, 21, 30] -32.0
[18, 22, 23] -640.0
[18, 22, 24] -544.0
[18, 22, 25] -416.0
[18, 22, 26] -128.0
[18, 22, 27] -160.0
[18, 22, 28] -96.0
[18, 22, 29] -64.0
[18, 22, 30] -32.0
[18, 23, 24] -512.0
[18, 23, 25] -416.0
[18, 23, 26] -288.0
[18, 23, 27] -192.0
[18, 23, 29] -64.0
[18, 23, 30] -32.0
[18, 24, 25] -384.0
[18, 24, 26] -320.0
[18, 24, 27] -224.0
[18, 24, 28] -128.0
[18, 24, 29] -64.0
[18, 25, 26] -320.0
[18, 25, 27] -256.0
[18, 25, 28] -160.0
[18, 25, 29] -64.0
[18, 25, 30] -32.0
[18, 26, 27] -256.0
[18, 26, 28] -192.0
[18, 26, 29] -96.0
[18, 26, 30] -32.0
[18, 27, 28] -192.0
[18, 27, 29] -128.0
[18, 27, 30] -32.0
[18, 28, 29] -128.0
[18, 28, 30] -64.0
[18, 29, 30] -64.0
[19, 20, 21] -608.0
[19, 20, 22] -832.0
[19, 20, 23] -736.0
[19, 20, 24] -608.0
[19, 20, 25] -480.0
[19, 20, 26] -352.0
[19, 20, 27] -224.0
[19, 20, 28] -160.0
[19, 20, 29] -96.0
[19, 20, 30] -32.0
[19, 21, 22] -800.0
[19, 21, 23] -448.0
[19, 21, 24] -608.0
[19, 21, 25] -480.0
[19, 21, 26] -352.0
[19, 21, 27] -224.0
[19, 21, 28] -128.0
[19, 21, 29] -64.0
[19, 21, 30] -32.0
[19, 22, 23] -672.0
[19, 22, 24] -576.0
[19, 22, 25] -288.0
[19, 22, 26] -352.0
[19, 22, 27] -224.0
[19, 22, 28] -96.0
[19, 22, 29] -64.0
[19, 22, 30] -32.0
[19, 23, 24] -544.0
[19, 23, 25] -448.0
[19, 23, 26] -352.0
[19, 23, 27] -96.0
[19, 23, 28] -128.0
[19, 23, 29] -64.0
[19, 23, 30] -32.0
[19, 24, 25] -416.0
[19, 24, 26] -320.0
[19, 24, 27] -256.0
[19, 24, 28] -160.0
[19, 24, 30] -32.0
[19, 25, 26] -320.0
[19, 25, 27] -256.0
[19, 25, 28] -192.0
[19, 25, 29] -96.0
[19, 25, 30] -32.0
[19, 26, 27] -256.0
[19, 26, 28] -192.0
[19, 26, 29] -128.0
[19, 26, 30] -32.0
[19, 27, 28] -192.0
[19, 27, 29] -128.0
[19, 27, 30] -64.0
[19, 28, 29] -128.0
[19, 28, 30] -64.0
[19, 29, 30] -64.0
[20, 21, 22] -544.0
[20, 21, 23] -736.0
[20, 21, 24] -640.0
[20, 21, 25] -544.0
[20, 21, 26] -416.0
[20, 21, 27] -288.0
[20, 21, 28] -160.0
[20, 21, 29] -96.0
[20, 21, 30] -32.0
[20, 22, 23] -704.0
[20, 22, 24] -384.0
[20, 22, 25] -512.0
[20, 22, 26] -416.0
[20, 22, 27] -288.0
[20, 22, 28] -160.0
[20, 22, 29] -64.0
[20, 22, 30] -32.0
[20, 23, 24] -576.0
[20, 23, 25] -480.0
[20, 23, 26] -224.0
[20, 23, 27] -288.0
[20, 23, 28] -160.0
[20, 23, 29] -64.0
[20, 23, 30] -32.0
[20, 24, 25] -448.0
[20, 24, 26] -352.0
[20, 24, 27] -256.0
[20, 24, 28] -96.0
[20, 24, 29] -96.0
[20, 24, 30] -32.0
[20, 25, 26] -320.0
[20, 25, 27] -256.0
[20, 25, 28] -192.0
[20, 25, 29] -128.0
[20, 26, 27] -256.0
[20, 26, 28] -192.0
[20, 26, 29] -128.0
[20, 26, 30] -64.0
[20, 27, 28] -192.0
[20, 27, 29] -128.0
[20, 27, 30] -64.0
[20, 28, 29] -128.0
[20, 28, 30] -64.0
[20, 29, 30] -64.0
[21, 22, 23] -480.0
[21, 22, 24] -640.0
[21, 22, 25] -544.0
[21, 22, 26] -448.0
[21, 22, 27] -352.0
[21, 22, 28] -224.0
[21, 22, 29] -96.0
[21, 22, 30] -32.0
[21, 23, 24] -608.0
[21, 23, 25] -320.0
[21, 23, 26] -416.0
[21, 23, 27] -320.0
[21, 23, 28] -224.0
[21, 23, 29] -96.0
[21, 23, 30] -32.0
[21, 24, 25] -480.0
[21, 24, 26] -384.0
[21, 24, 27] -160.0
[21, 24, 28] -192.0
[21, 24, 29] -128.0
[21, 24, 30] -32.0
[21, 25, 26] -352.0
[21, 25, 27] -256.0
[21, 25, 28] -192.0
[21, 25, 29] -64.0
[21, 25, 30] -64.0
[21, 26, 27] -256.0
[21, 26, 28] -192.0
[21, 26, 29] -128.0
[21, 26, 30] -64.0
[21, 27, 28] -192.0
[21, 27, 29] -128.0
[21, 27, 30] -64.0
[21, 28, 29] -128.0
[21, 28, 30] -64.0
[21, 29, 30] -64.0
[22, 23, 24] -416.0
[22, 23, 25] -544.0
[22, 23, 26] -448.0
[22, 23, 27] -352.0
[22, 23, 28] -256.0
[22, 23, 29] -160.0
[22, 23, 30] -32.0
[22, 24, 25] -512.0
[22, 24, 26] -256.0
[22, 24, 27] -320.0
[22, 24, 28] -224.0
[22, 24, 29] -128.0
[22, 24, 30] -64.0
[22, 25, 26] -384.0
[22, 25, 27] -288.0
[22, 25, 28] -96.0
[22, 25, 29] -128.0
[22, 25, 30] -64.0
[22, 26, 27] -256.0
[22, 26, 28] -192.0
[22, 26, 29] -128.0
[22, 26, 30] -32.0
[22, 27, 28] -192.0
[22, 27, 29] -128.0
[22, 27, 30] -64.0
[22, 28, 29] -128.0
[22, 28, 30] -64.0
[22, 29, 30] -64.0
[23, 24, 25] -352.0
[23, 24, 26] -448.0
[23, 24, 27] -352.0
[23, 24, 28] -256.0
[23, 24, 29] -160.0
[23, 24, 30] -64.0
[23, 25, 26] -416.0
[23, 25, 27] -192.0
[23, 25, 28] -224.0
[23, 25, 29] -128.0
[23, 25, 30] -64.0
[23, 26, 27] -288.0
[23, 26, 28] -192.0
[23, 26, 29] -64.0
[23, 26, 30] -64.0
[23, 27, 28] -192.0
[23, 27, 29] -128.0
[23, 27, 30] -64.0
[23, 28, 29] -128.0
[23, 28, 30] -64.0
[23, 29, 30] -64.0
[24, 25, 26] -288.0
[24, 25, 27] -352.0
[24, 25, 28] -256.0
[24, 25, 29] -160.0
[24, 25, 30] -64.0
[24, 26, 27] -320.0
[24, 26, 28] -128.0
[24, 26, 29] -128.0
[24, 26, 30] -64.0
[24, 27, 28] -192.0
[24, 27, 29] -128.0
[24, 27, 30] -32.0
[24, 28, 29] -128.0
[24, 28, 30] -64.0
[24, 29, 30] -64.0
[25, 26, 27] -224.0
[25, 26, 28] -256.0
[25, 26, 29] -160.0
[25, 26, 30] -64.0
[25, 27, 28] -224.0
[25, 27, 29] -64.0
[25, 27, 30] -64.0
[25, 28, 29] -128.0
[25, 28, 30] -64.0
[25, 29, 30] -64.0
[26, 27, 28] -160.0
[26, 27, 29] -160.0
[26, 27, 30] -64.0
[26, 28, 29] -128.0
[26, 28, 30] -32.0
[26, 29, 30] -64.0
[27, 28, 29] -96.0
[27, 28, 30] -64.0
[27, 29, 30] -64.0
[28, 29, 30] -32.0
[1, 2] 192.0
[1, 3] 184.0
[1, 4] 176.0
[1, 5] 168.0
[1, 6] 160.0
[1, 7] 152.0
[1, 8] 144.0
[1, 9] 152.0
[1, 10] 144.0
[1, 11] 136.0
[1, 12] 128.0
[1, 13] 120.0
[1, 14] 112.0
[1, 15] 104.0
[2, 3] 384.0
[2, 4] 384.0
[2, 5] 368.0
[2, 6] 352.0
[2, 7] 336.0
[2, 8] 320.0
[2, 9] 320.0
[2, 10] 320.0
[2, 11] 304.0
[2, 12] 288.0
[2, 13] 272.0
[2, 14] 256.0
[2, 15] 224.0
[2, 16] 104.0
[3, 4] 592.0
[3, 5] 584.0
[3, 6] 576.0
[3, 7] 552.0
[3, 8] 528.0
[3, 9] 504.0
[3, 10] 512.0
[3, 11] 504.0
[3, 12] 480.0
[3, 13] 456.0
[3, 14] 416.0
[3, 15] 376.0
[3, 16] 224.0
[3, 17] 104.0
[4, 5] 816.0
[4, 6] 800.0
[4, 7] 784.0
[4, 8] 768.0
[4, 9] 736.0
[4, 10] 720.0
[4, 11] 720.0
[4, 12] 704.0
[4, 13] 656.0
[4, 14] 608.0
[4, 15] 544.0
[4, 16] 376.0
[4, 17] 224.0
[4, 18] 104.0
[5, 6] 1056.0
[5, 7] 1032.0
[5, 8] 1008.0
[5, 9] 984.0
[5, 10] 960.0
[5, 11] 952.0
[5, 12] 928.0
[5, 13] 888.0
[5, 14] 816.0
[5, 15] 744.0
[5, 16] 544.0
[5, 17] 376.0
[5, 18] 224.0
[5, 19] 104.0
[6, 7] 1312.0
[6, 8] 1280.0
[6, 9] 1248.0
[6, 10] 1216.0
[6, 11] 1184.0
[6, 12] 1168.0
[6, 13] 1120.0
[6, 14] 1056.0
[6, 15] 960.0
[6, 16] 744.0
[6, 17] 544.0
[6, 18] 376.0
[6, 19] 224.0
[6, 20] 104.0
[7, 8] 1584.0
[7, 9] 1544.0
[7, 10] 1488.0
[7, 11] 1432.0
[7, 12] 1392.0
[7, 13] 1352.0
[7, 14] 1296.0
[7, 15] 1208.0
[7, 16] 960.0
[7, 17] 744.0
[7, 18] 544.0
[7, 19] 376.0
[7, 20] 224.0
[7, 21] 104.0
[8, 9] 1856.0
[8, 10] 1792.0
[8, 11] 1712.0
[8, 12] 1648.0
[8, 13] 1584.0
[8, 14] 1520.0
[8, 15] 1440.0
[8, 16] 1208.0
[8, 17] 960.0
[8, 18] 744.0
[8, 19] 544.0
[8, 20] 376.0
[8, 21] 224.0
[8, 22] 104.0
[9, 10] 2112.0
[9, 11] 2024.0
[9, 12] 1920.0
[9, 13] 1848.0
[9, 14] 1760.0
[9, 15] 1672.0
[9, 16] 1440.0
[9, 17] 1208.0
[9, 18] 960.0
[9, 19] 744.0
[9, 20] 544.0
[9, 21] 376.0
[9, 22] 224.0
[9, 23] 104.0
[10, 11] 2352.0
[10, 12] 2240.0
[10, 13] 2128.0
[10, 14] 2032.0
[10, 15] 1920.0
[10, 16] 1672.0
[10, 17] 1440.0
[10, 18] 1208.0
[10, 19] 960.0
[10, 20] 744.0
[10, 21] 544.0
[10, 22] 376.0
[10, 23] 224.0
[10, 24] 104.0
[11, 12] 2576.0
[11, 13] 2440.0
[11, 14] 2320.0
[11, 15] 2200.0
[11, 16] 1920.0
[11, 17] 1672.0
[11, 18] 1440.0
[11, 19] 1208.0
[11, 20] 960.0
[11, 21] 744.0
[11, 22] 544.0
[11, 23] 376.0
[11, 24] 224.0
[11, 25] 104.0
[12, 13] 2784.0
[12, 14] 2640.0
[12, 15] 2496.0
[12, 16] 2200.0
[12, 17] 1920.0
[12, 18] 1672.0
[12, 19] 1440.0
[12, 20] 1208.0
[12, 21] 960.0
[12, 22] 744.0
[12, 23] 544.0
[12, 24] 376.0
[12, 25] 224.0
[12, 26] 104.0
[13, 14] 2976.0
[13, 15] 2824.0
[13, 16] 2496.0
[13, 17] 2200.0
[13, 18] 1920.0
[13, 19] 1672.0
[13, 20] 1440.0
[13, 21] 1208.0
[13, 22] 960.0
[13, 23] 744.0
[13, 24] 544.0
[13, 25] 376.0
[13, 26] 224.0
[13, 27] 104.0
[14, 15] 3168.0
[14, 16] 2824.0
[14, 17] 2496.0
[14, 18] 2200.0
[14, 19] 1920.0
[14, 20] 1672.0
[14, 21] 1440.0
[14, 22] 1208.0
[14, 23] 960.0
[14, 24] 744.0
[14, 25] 544.0
[14, 26] 376.0
[14, 27] 224.0
[14, 28] 104.0
[15, 16] 3168.0
[15, 17] 2824.0
[15, 18] 2496.0
[15, 19] 2200.0
[15, 20] 1920.0
[15, 21] 1672.0
[15, 22] 1440.0
[15, 23] 1208.0
[15, 24] 960.0
[15, 25] 744.0
[15, 26] 544.0
[15, 27] 376.0
[15, 28] 224.0
[15, 29] 104.0
[16, 17] 3168.0
[16, 18] 2824.0
[16, 19] 2496.0
[16, 20] 2200.0
[16, 21] 1920.0
[16, 22] 1672.0
[16, 23] 1440.0
[16, 24] 1208.0
[16, 25] 960.0
[16, 26] 744.0
[16, 27] 544.0
[16, 28] 376.0
[16, 29] 224.0
[16, 30] 104.0
[17, 18] 2976.0
[17, 19] 2640.0
[17, 20] 2320.0
[17, 21] 2032.0
[17, 22] 1760.0
[17, 23] 1520.0
[17, 24] 1296.0
[17, 25] 1056.0
[17, 26] 816.0
[17, 27] 608.0
[17, 28] 416.0
[17, 29] 256.0
[17, 30] 112.0
[18, 19] 2784.0
[18, 20] 2440.0
[18, 21] 2128.0
[18, 22] 1848.0
[18, 23] 1584.0
[18, 24] 1352.0
[18, 25] 1120.0
[18, 26] 888.0
[18, 27] 656.0
[18, 28] 456.0
[18, 29] 272.0
[18, 30] 120.0
[19, 20] 2576.0
[19, 21] 2240.0
[19, 22] 1920.0
[19, 23] 1648.0
[19, 24] 1392.0
[19, 25] 1168.0
[19, 26] 928.0
[19, 27] 704.0
[19, 28] 480.0
[19, 29] 288.0
[19, 30] 128.0
[20, 21] 2352.0
[20, 22] 2024.0
[20, 23] 1712.0
[20, 24] 1432.0
[20, 25] 1184.0
[20, 26] 952.0
[20, 27] 720.0
[20, 28] 504.0
[20, 29] 304.0
[20, 30] 136.0
[21, 22] 2112.0
[21, 23] 1792.0
[21, 24] 1488.0
[21, 25] 1216.0
[21, 26] 960.0
[21, 27] 720.0
[21, 28] 512.0
[21, 29] 320.0
[21, 30] 144.0
[22, 23] 1856.0
[22, 24] 1544.0
[22, 25] 1248.0
[22, 26] 984.0
[22, 27] 736.0
[22, 28] 504.0
[22, 29] 320.0
[22, 30] 152.0
[23, 24] 1584.0
[23, 25] 1280.0
[23, 26] 1008.0
[23, 27] 768.0
[23, 28] 528.0
[23, 29] 320.0
[23, 30] 144.0
[24, 25] 1312.0
[24, 26] 1032.0
[24, 27] 784.0
[24, 28] 552.0
[24, 29] 336.0
[24, 30] 152.0
[25, 26] 1056.0
[25, 27] 800.0
[25, 28] 576.0
[25, 29] 352.0
[25, 30] 160.0
[26, 27] 816.0
[26, 28] 584.0
[26, 29] 368.0
[26, 30] 168.0
[27, 28] 592.0
[27, 29] 384.0
[27, 30] 176.0
[28, 29] 384.0
[28, 30] 184.0
[29, 30] 192.0
[1] -364.0
[2] -772.0
[3] -1216.0
[4] -1688.0
[5] -2180.0
[6] -2684.0
[7] -3192.0
[8] -3696.0
[9] -4204.0
[10] -4708.0
[11] -5200.0
[12] -5672.0
[13] -6116.0
[14] -6524.0
[15] -6888.0
[16] -6888.0
[17] -6524.0
[18] -6116.0
[19] -5672.0
[20] -5200.0
[21] -4708.0
[22] -4204.0
[23] -3696.0
[24] -3192.0
[25] -2684.0
[26] -2180.0
[27] -1688.0
[28] -1216.0
[29] -772.0
[30] -364.0
