#Variables 35
#Constraints 0
Objsense Min
VariablesInfo
0.0 1.0 Bin
0.0 1.0 Bin
0.0 1.0 Bin
0.0 1.0 Bin
0.0 1.0 Bin
0.0 1.0 Bin
0.0 1.0 Bin
0.0 1.0 Bin
0.0 1.0 Bin
0.0 1.0 Bin
0.0 1.0 Bin
0.0 1.0 Bin
0.0 1.0 Bin
0.0 1.0 Bin
0.0 1.0 Bin
0.0 1.0 Bin
0.0 1.0 Bin
0.0 1.0 Bin
0.0 1.0 Bin
0.0 1.0 Bin
0.0 1.0 Bin
0.0 1.0 Bin
0.0 1.0 Bin
0.0 1.0 Bin
0.0 1.0 Bin
0.0 1.0 Bin
0.0 1.0 Bin
0.0 1.0 Bin
0.0 1.0 Bin
0.0 1.0 Bin
0.0 1.0 Bin
0.0 1.0 Bin
0.0 1.0 Bin
0.0 1.0 Bin
0.0 1.0 Bin
Objective 5002
Offset 0.0
[1, 2, 3, 4] 64.0
[1, 2, 4, 5] 64.0
[1, 2, 5, 6] 64.0
[1, 2, 6, 7] 64.0
[1, 2, 7, 8] 64.0
[1, 2, 8, 9] 64.0
[1, 2, 9, 10] 64.0
[1, 2, 10, 11] 64.0
[1, 2, 11, 12] 64.0
[1, 2, 12, 13] 64.0
[1, 2, 13, 14] 64.0
[1, 2, 14, 15] 64.0
[1, 2, 15, 16] 64.0
[1, 2, 16, 17] 64.0
[1, 2, 17, 18] 64.0
[1, 3, 4, 6] 64.0
[1, 3, 5, 7] 64.0
[1, 3, 6, 8] 64.0
[1, 3, 7, 9] 64.0
[1, 3, 8, 10] 64.0
[1, 3, 9, 11] 64.0
[1, 3, 10, 12] 64.0
[1, 3, 11, 13] 64.0
[1, 3, 12, 14] 64.0
[1, 3, 13, 15] 64.0
[1, 3, 14, 16] 64.0
[1, 3, 15, 17] 64.0
[1, 3, 16, 18] 64.0
[1, 4, 5, 8] 64.0
[1, 4, 6, 9] 64.0
[1, 4, 7, 10] 64.0
[1, 4, 8, 11] 64.0
[1, 4, 9, 12] 64.0
[1, 4, 10, 13] 64.0
[1, 4, 11, 14] 64.0
[1, 4, 12, 15] 64.0
[1, 4, 13, 16] 64.0
[1, 4, 14, 17] 64.0
[1, 4, 15, 18] 64.0
[1, 5, 6, 10] 64.0
[1, 5, 7, 11] 64.0
[1, 5, 8, 12] 64.0
[1, 5, 9, 13] 64.0
[1, 5, 10, 14] 64.0
[1, 5, 11, 15] 64.0
[1, 5, 12, 16] 64.0
[1, 5, 13, 17] 64.0
[1, 5, 14, 18] 64.0
[1, 6, 7, 12] 64.0
[1, 6, 8, 13] 64.0
[1, 6, 9, 14] 64.0
[1, 6, 10, 15] 64.0
[1, 6, 11, 16] 64.0
[1, 6, 12, 17] 64.0
[1, 6, 13, 18] 64.0
[1, 7, 8, 14] 64.0
[1, 7, 9, 15] 64.0
[1, 7, 10, 16] 64.0
[1, 7, 11, 17] 64.0
[1, 7, 12, 18] 64.0
[1, 8, 9, 16] 64.0
[1, 8, 10, 17] 64.0
[1, 8, 11, 18] 64.0
[1, 9, 10, 18] 64.0
[2, 3, 4, 5] 128.0
[2, 3, 5, 6] 128.0
[2, 3, 6, 7] 128.0
[2, 3, 7, 8] 128.0
[2, 3, 8, 9] 128.0
[2, 3, 9, 10] 128.0
[2, 3, 10, 11] 128.0
[2, 3, 11, 12] 128.0
[2, 3, 12, 13] 128.0
[2, 3, 13, 14] 128.0
[2, 3, 14, 15] 128.0
[2, 3, 15, 16] 128.0
[2, 3, 16, 17] 128.0
[2, 3, 17, 18] 128.0
[2, 3, 18, 19] 64.0
[2, 4, 5, 7] 128.0
[2, 4, 6, 8] 128.0
[2, 4, 7, 9] 128.0
[2, 4, 8, 10] 128.0
[2, 4, 9, 11] 128.0
[2, 4, 10, 12] 128.0
[2, 4, 11, 13] 128.0
[2, 4, 12, 14] 128.0
[2, 4, 13, 15] 128.0
[2, 4, 14, 16] 128.0
[2, 4, 15, 17] 128.0
[2, 4, 16, 18] 128.0
[2, 4, 17, 19] 64.0
[2, 5, 6, 9] 128.0
[2, 5, 7, 10] 128.0
[2, 5, 8, 11] 128.0
[2, 5, 9, 12] 128.0
[2, 5, 10, 13] 128.0
[2, 5, 11, 14] 128.0
[2, 5, 12, 15] 128.0
[2, 5, 13, 16] 128.0
[2, 5, 14, 17] 128.0
[2, 5, 15, 18] 128.0
[2, 5, 16, 19] 64.0
[2, 6, 7, 11] 128.0
[2, 6, 8, 12] 128.0
[2, 6, 9, 13] 128.0
[2, 6, 10, 14] 128.0
[2, 6, 11, 15] 128.0
[2, 6, 12, 16] 128.0
[2, 6, 13, 17] 128.0
[2, 6, 14, 18] 128.0
[2, 6, 15, 19] 64.0
[2, 7, 8, 13] 128.0
[2, 7, 9, 14] 128.0
[2, 7, 10, 15] 128.0
[2, 7, 11, 16] 128.0
[2, 7, 12, 17] 128.0
[2, 7, 13, 18] 128.0
[2, 7, 14, 19] 64.0
[2, 8, 9, 15] 128.0
[2, 8, 10, 16] 128.0
[2, 8, 11, 17] 128.0
[2, 8, 12, 18] 128.0
[2, 8, 13, 19] 64.0
[2, 9, 10, 17] 128.0
[2, 9, 11, 18] 128.0
[2, 9, 12, 19] 64.0
[2, 10, 11, 19] 64.0
[3, 4, 5, 6] 192.0
[3, 4, 6, 7] 192.0
[3, 4, 7, 8] 192.0
[3, 4, 8, 9] 192.0
[3, 4, 9, 10] 192.0
[3, 4, 10, 11] 192.0
[3, 4, 11, 12] 192.0
[3, 4, 12, 13] 192.0
[3, 4, 13, 14] 192.0
[3, 4, 14, 15] 192.0
[3, 4, 15, 16] 192.0
[3, 4, 16, 17] 192.0
[3, 4, 17, 18] 192.0
[3, 4, 18, 19] 128.0
[3, 4, 19, 20] 64.0
[3, 5, 6, 8] 192.0
[3, 5, 7, 9] 192.0
[3, 5, 8, 10] 192.0
[3, 5, 9, 11] 192.0
[3, 5, 10, 12] 192.0
[3, 5, 11, 13] 192.0
[3, 5, 12, 14] 192.0
[3, 5, 13, 15] 192.0
[3, 5, 14, 16] 192.0
[3, 5, 15, 17] 192.0
[3, 5, 16, 18] 192.0
[3, 5, 17, 19] 128.0
[3, 5, 18, 20] 64.0
[3, 6, 7, 10] 192.0
[3, 6, 8, 11] 192.0
[3, 6, 9, 12] 192.0
[3, 6, 10, 13] 192.0
[3, 6, 11, 14] 192.0
[3, 6, 12, 15] 192.0
[3, 6, 13, 16] 192.0
[3, 6, 14, 17] 192.0
[3, 6, 15, 18] 192.0
[3, 6, 16, 19] 128.0
[3, 6, 17, 20] 64.0
[3, 7, 8, 12] 192.0
[3, 7, 9, 13] 192.0
[3, 7, 10, 14] 192.0
[3, 7, 11, 15] 192.0
[3, 7, 12, 16] 192.0
[3, 7, 13, 17] 192.0
[3, 7, 14, 18] 192.0
[3, 7, 15, 19] 128.0
[3, 7, 16, 20] 64.0
[3, 8, 9, 14] 192.0
[3, 8, 10, 15] 192.0
[3, 8, 11, 16] 192.0
[3, 8, 12, 17] 192.0
[3, 8, 13, 18] 192.0
[3, 8, 14, 19] 128.0
[3, 8, 15, 20] 64.0
[3, 9, 10, 16] 192.0
[3, 9, 11, 17] 192.0
[3, 9, 12, 18] 192.0
[3, 9, 13, 19] 128.0
[3, 9, 14, 20] 64.0
[3, 10, 11, 18] 192.0
[3, 10, 12, 19] 128.0
[3, 10, 13, 20] 64.0
[3, 11, 12, 20] 64.0
[4, 5, 6, 7] 256.0
[4, 5, 7, 8] 256.0
[4, 5, 8, 9] 256.0
[4, 5, 9, 10] 256.0
[4, 5, 10, 11] 256.0
[4, 5, 11, 12] 256.0
[4, 5, 12, 13] 256.0
[4, 5, 13, 14] 256.0
[4, 5, 14, 15] 256.0
[4, 5, 15, 16] 256.0
[4, 5, 16, 17] 256.0
[4, 5, 17, 18] 256.0
[4, 5, 18, 19] 192.0
[4, 5, 19, 20] 128.0
[4, 5, 20, 21] 64.0
[4, 6, 7, 9] 256.0
[4, 6, 8, 10] 256.0
[4, 6, 9, 11] 256.0
[4, 6, 10, 12] 256.0
[4, 6, 11, 13] 256.0
[4, 6, 12, 14] 256.0
[4, 6, 13, 15] 256.0
[4, 6, 14, 16] 256.0
[4, 6, 15, 17] 256.0
[4, 6, 16, 18] 256.0
[4, 6, 17, 19] 192.0
[4, 6, 18, 20] 128.0
[4, 6, 19, 21] 64.0
[4, 7, 8, 11] 256.0
[4, 7, 9, 12] 256.0
[4, 7, 10, 13] 256.0
[4, 7, 11, 14] 256.0
[4, 7, 12, 15] 256.0
[4, 7, 13, 16] 256.0
[4, 7, 14, 17] 256.0
[4, 7, 15, 18] 256.0
[4, 7, 16, 19] 192.0
[4, 7, 17, 20] 128.0
[4, 7, 18, 21] 64.0
[4, 8, 9, 13] 256.0
[4, 8, 10, 14] 256.0
[4, 8, 11, 15] 256.0
[4, 8, 12, 16] 256.0
[4, 8, 13, 17] 256.0
[4, 8, 14, 18] 256.0
[4, 8, 15, 19] 192.0
[4, 8, 16, 20] 128.0
[4, 8, 17, 21] 64.0
[4, 9, 10, 15] 256.0
[4, 9, 11, 16] 256.0
[4, 9, 12, 17] 256.0
[4, 9, 13, 18] 256.0
[4, 9, 14, 19] 192.0
[4, 9, 15, 20] 128.0
[4, 9, 16, 21] 64.0
[4, 10, 11, 17] 256.0
[4, 10, 12, 18] 256.0
[4, 10, 13, 19] 192.0
[4, 10, 14, 20] 128.0
[4, 10, 15, 21] 64.0
[4, 11, 12, 19] 192.0
[4, 11, 13, 20] 128.0
[4, 11, 14, 21] 64.0
[4, 12, 13, 21] 64.0
[5, 6, 7, 8] 320.0
[5, 6, 8, 9] 320.0
[5, 6, 9, 10] 320.0
[5, 6, 10, 11] 320.0
[5, 6, 11, 12] 320.0
[5, 6, 12, 13] 320.0
[5, 6, 13, 14] 320.0
[5, 6, 14, 15] 320.0
[5, 6, 15, 16] 320.0
[5, 6, 16, 17] 320.0
[5, 6, 17, 18] 320.0
[5, 6, 18, 19] 256.0
[5, 6, 19, 20] 192.0
[5, 6, 20, 21] 128.0
[5, 6, 21, 22] 64.0
[5, 7, 8, 10] 320.0
[5, 7, 9, 11] 320.0
[5, 7, 10, 12] 320.0
[5, 7, 11, 13] 320.0
[5, 7, 12, 14] 320.0
[5, 7, 13, 15] 320.0
[5, 7, 14, 16] 320.0
[5, 7, 15, 17] 320.0
[5, 7, 16, 18] 320.0
[5, 7, 17, 19] 256.0
[5, 7, 18, 20] 192.0
[5, 7, 19, 21] 128.0
[5, 7, 20, 22] 64.0
[5, 8, 9, 12] 320.0
[5, 8, 10, 13] 320.0
[5, 8, 11, 14] 320.0
[5, 8, 12, 15] 320.0
[5, 8, 13, 16] 320.0
[5, 8, 14, 17] 320.0
[5, 8, 15, 18] 320.0
[5, 8, 16, 19] 256.0
[5, 8, 17, 20] 192.0
[5, 8, 18, 21] 128.0
[5, 8, 19, 22] 64.0
[5, 9, 10, 14] 320.0
[5, 9, 11, 15] 320.0
[5, 9, 12, 16] 320.0
[5, 9, 13, 17] 320.0
[5, 9, 14, 18] 320.0
[5, 9, 15, 19] 256.0
[5, 9, 16, 20] 192.0
[5, 9, 17, 21] 128.0
[5, 9, 18, 22] 64.0
[5, 10, 11, 16] 320.0
[5, 10, 12, 17] 320.0
[5, 10, 13, 18] 320.0
[5, 10, 14, 19] 256.0
[5, 10, 15, 20] 192.0
[5, 10, 16, 21] 128.0
[5, 10, 17, 22] 64.0
[5, 11, 12, 18] 320.0
[5, 11, 13, 19] 256.0
[5, 11, 14, 20] 192.0
[5, 11, 15, 21] 128.0
[5, 11, 16, 22] 64.0
[5, 12, 13, 20] 192.0
[5, 12, 14, 21] 128.0
[5, 12, 15, 22] 64.0
[5, 13, 14, 22] 64.0
[6, 7, 8, 9] 384.0
[6, 7, 9, 10] 384.0
[6, 7, 10, 11] 384.0
[6, 7, 11, 12] 384.0
[6, 7, 12, 13] 384.0
[6, 7, 13, 14] 384.0
[6, 7, 14, 15] 384.0
[6, 7, 15, 16] 384.0
[6, 7, 16, 17] 384.0
[6, 7, 17, 18] 384.0
[6, 7, 18, 19] 320.0
[6, 7, 19, 20] 256.0
[6, 7, 20, 21] 192.0
[6, 7, 21, 22] 128.0
[6, 7, 22, 23] 64.0
[6, 8, 9, 11] 384.0
[6, 8, 10, 12] 384.0
[6, 8, 11, 13] 384.0
[6, 8, 12, 14] 384.0
[6, 8, 13, 15] 384.0
[6, 8, 14, 16] 384.0
[6, 8, 15, 17] 384.0
[6, 8, 16, 18] 384.0
[6, 8, 17, 19] 320.0
[6, 8, 18, 20] 256.0
[6, 8, 19, 21] 192.0
[6, 8, 20, 22] 128.0
[6, 8, 21, 23] 64.0
[6, 9, 10, 13] 384.0
[6, 9, 11, 14] 384.0
[6, 9, 12, 15] 384.0
[6, 9, 13, 16] 384.0
[6, 9, 14, 17] 384.0
[6, 9, 15, 18] 384.0
[6, 9, 16, 19] 320.0
[6, 9, 17, 20] 256.0
[6, 9, 18, 21] 192.0
[6, 9, 19, 22] 128.0
[6, 9, 20, 23] 64.0
[6, 10, 11, 15] 384.0
[6, 10, 12, 16] 384.0
[6, 10, 13, 17] 384.0
[6, 10, 14, 18] 384.0
[6, 10, 15, 19] 320.0
[6, 10, 16, 20] 256.0
[6, 10, 17, 21] 192.0
[6, 10, 18, 22] 128.0
[6, 10, 19, 23] 64.0
[6, 11, 12, 17] 384.0
[6, 11, 13, 18] 384.0
[6, 11, 14, 19] 320.0
[6, 11, 15, 20] 256.0
[6, 11, 16, 21] 192.0
[6, 11, 17, 22] 128.0
[6, 11, 18, 23] 64.0
[6, 12, 13, 19] 320.0
[6, 12, 14, 20] 256.0
[6, 12, 15, 21] 192.0
[6, 12, 16, 22] 128.0
[6, 12, 17, 23] 64.0
[6, 13, 14, 21] 192.0
[6, 13, 15, 22] 128.0
[6, 13, 16, 23] 64.0
[6, 14, 15, 23] 64.0
[7, 8, 9, 10] 448.0
[7, 8, 10, 11] 448.0
[7, 8, 11, 12] 448.0
[7, 8, 12, 13] 448.0
[7, 8, 13, 14] 448.0
[7, 8, 14, 15] 448.0
[7, 8, 15, 16] 448.0
[7, 8, 16, 17] 448.0
[7, 8, 17, 18] 448.0
[7, 8, 18, 19] 384.0
[7, 8, 19, 20] 320.0
[7, 8, 20, 21] 256.0
[7, 8, 21, 22] 192.0
[7, 8, 22, 23] 128.0
[7, 8, 23, 24] 64.0
[7, 9, 10, 12] 448.0
[7, 9, 11, 13] 448.0
[7, 9, 12, 14] 448.0
[7, 9, 13, 15] 448.0
[7, 9, 14, 16] 448.0
[7, 9, 15, 17] 448.0
[7, 9, 16, 18] 448.0
[7, 9, 17, 19] 384.0
[7, 9, 18, 20] 320.0
[7, 9, 19, 21] 256.0
[7, 9, 20, 22] 192.0
[7, 9, 21, 23] 128.0
[7, 9, 22, 24] 64.0
[7, 10, 11, 14] 448.0
[7, 10, 12, 15] 448.0
[7, 10, 13, 16] 448.0
[7, 10, 14, 17] 448.0
[7, 10, 15, 18] 448.0
[7, 10, 16, 19] 384.0
[7, 10, 17, 20] 320.0
[7, 10, 18, 21] 256.0
[7, 10, 19, 22] 192.0
[7, 10, 20, 23] 128.0
[7, 10, 21, 24] 64.0
[7, 11, 12, 16] 448.0
[7, 11, 13, 17] 448.0
[7, 11, 14, 18] 448.0
[7, 11, 15, 19] 384.0
[7, 11, 16, 20] 320.0
[7, 11, 17, 21] 256.0
[7, 11, 18, 22] 192.0
[7, 11, 19, 23] 128.0
[7, 11, 20, 24] 64.0
[7, 12, 13, 18] 448.0
[7, 12, 14, 19] 384.0
[7, 12, 15, 20] 320.0
[7, 12, 16, 21] 256.0
[7, 12, 17, 22] 192.0
[7, 12, 18, 23] 128.0
[7, 12, 19, 24] 64.0
[7, 13, 14, 20] 320.0
[7, 13, 15, 21] 256.0
[7, 13, 16, 22] 192.0
[7, 13, 17, 23] 128.0
[7, 13, 18, 24] 64.0
[7, 14, 15, 22] 192.0
[7, 14, 16, 23] 128.0
[7, 14, 17, 24] 64.0
[7, 15, 16, 24] 64.0
[8, 9, 10, 11] 512.0
[8, 9, 11, 12] 512.0
[8, 9, 12, 13] 512.0
[8, 9, 13, 14] 512.0
[8, 9, 14, 15] 512.0
[8, 9, 15, 16] 512.0
[8, 9, 16, 17] 512.0
[8, 9, 17, 18] 512.0
[8, 9, 18, 19] 448.0
[8, 9, 19, 20] 384.0
[8, 9, 20, 21] 320.0
[8, 9, 21, 22] 256.0
[8, 9, 22, 23] 192.0
[8, 9, 23, 24] 128.0
[8, 9, 24, 25] 64.0
[8, 10, 11, 13] 512.0
[8, 10, 12, 14] 512.0
[8, 10, 13, 15] 512.0
[8, 10, 14, 16] 512.0
[8, 10, 15, 17] 512.0
[8, 10, 16, 18] 512.0
[8, 10, 17, 19] 448.0
[8, 10, 18, 20] 384.0
[8, 10, 19, 21] 320.0
[8, 10, 20, 22] 256.0
[8, 10, 21, 23] 192.0
[8, 10, 22, 24] 128.0
[8, 10, 23, 25] 64.0
[8, 11, 12, 15] 512.0
[8, 11, 13, 16] 512.0
[8, 11, 14, 17] 512.0
[8, 11, 15, 18] 512.0
[8, 11, 16, 19] 448.0
[8, 11, 17, 20] 384.0
[8, 11, 18, 21] 320.0
[8, 11, 19, 22] 256.0
[8, 11, 20, 23] 192.0
[8, 11, 21, 24] 128.0
[8, 11, 22, 25] 64.0
[8, 12, 13, 17] 512.0
[8, 12, 14, 18] 512.0
[8, 12, 15, 19] 448.0
[8, 12, 16, 20] 384.0
[8, 12, 17, 21] 320.0
[8, 12, 18, 22] 256.0
[8, 12, 19, 23] 192.0
[8, 12, 20, 24] 128.0
[8, 12, 21, 25] 64.0
[8, 13, 14, 19] 448.0
[8, 13, 15, 20] 384.0
[8, 13, 16, 21] 320.0
[8, 13, 17, 22] 256.0
[8, 13, 18, 23] 192.0
[8, 13, 19, 24] 128.0
[8, 13, 20, 25] 64.0
[8, 14, 15, 21] 320.0
[8, 14, 16, 22] 256.0
[8, 14, 17, 23] 192.0
[8, 14, 18, 24] 128.0
[8, 14, 19, 25] 64.0
[8, 15, 16, 23] 192.0
[8, 15, 17, 24] 128.0
[8, 15, 18, 25] 64.0
[8, 16, 17, 25] 64.0
[9, 10, 11, 12] 576.0
[9, 10, 12, 13] 576.0
[9, 10, 13, 14] 576.0
[9, 10, 14, 15] 576.0
[9, 10, 15, 16] 576.0
[9, 10, 16, 17] 576.0
[9, 10, 17, 18] 576.0
[9, 10, 18, 19] 512.0
[9, 10, 19, 20] 448.0
[9, 10, 20, 21] 384.0
[9, 10, 21, 22] 320.0
[9, 10, 22, 23] 256.0
[9, 10, 23, 24] 192.0
[9, 10, 24, 25] 128.0
[9, 10, 25, 26] 64.0
[9, 11, 12, 14] 576.0
[9, 11, 13, 15] 576.0
[9, 11, 14, 16] 576.0
[9, 11, 15, 17] 576.0
[9, 11, 16, 18] 576.0
[9, 11, 17, 19] 512.0
[9, 11, 18, 20] 448.0
[9, 11, 19, 21] 384.0
[9, 11, 20, 22] 320.0
[9, 11, 21, 23] 256.0
[9, 11, 22, 24] 192.0
[9, 11, 23, 25] 128.0
[9, 11, 24, 26] 64.0
[9, 12, 13, 16] 576.0
[9, 12, 14, 17] 576.0
[9, 12, 15, 18] 576.0
[9, 12, 16, 19] 512.0
[9, 12, 17, 20] 448.0
[9, 12, 18, 21] 384.0
[9, 12, 19, 22] 320.0
[9, 12, 20, 23] 256.0
[9, 12, 21, 24] 192.0
[9, 12, 22, 25] 128.0
[9, 12, 23, 26] 64.0
[9, 13, 14, 18] 576.0
[9, 13, 15, 19] 512.0
[9, 13, 16, 20] 448.0
[9, 13, 17, 21] 384.0
[9, 13, 18, 22] 320.0
[9, 13, 19, 23] 256.0
[9, 13, 20, 24] 192.0
[9, 13, 21, 25] 128.0
[9, 13, 22, 26] 64.0
[9, 14, 15, 20] 448.0
[9, 14, 16, 21] 384.0
[9, 14, 17, 22] 320.0
[9, 14, 18, 23] 256.0
[9, 14, 19, 24] 192.0
[9, 14, 20, 25] 128.0
[9, 14, 21, 26] 64.0
[9, 15, 16, 22] 320.0
[9, 15, 17, 23] 256.0
[9, 15, 18, 24] 192.0
[9, 15, 19, 25] 128.0
[9, 15, 20, 26] 64.0
[9, 16, 17, 24] 192.0
[9, 16, 18, 25] 128.0
[9, 16, 19, 26] 64.0
[9, 17, 18, 26] 64.0
[10, 11, 12, 13] 640.0
[10, 11, 13, 14] 640.0
[10, 11, 14, 15] 640.0
[10, 11, 15, 16] 640.0
[10, 11, 16, 17] 640.0
[10, 11, 17, 18] 640.0
[10, 11, 18, 19] 576.0
[10, 11, 19, 20] 512.0
[10, 11, 20, 21] 448.0
[10, 11, 21, 22] 384.0
[10, 11, 22, 23] 320.0
[10, 11, 23, 24] 256.0
[10, 11, 24, 25] 192.0
[10, 11, 25, 26] 128.0
[10, 11, 26, 27] 64.0
[10, 12, 13, 15] 640.0
[10, 12, 14, 16] 640.0
[10, 12, 15, 17] 640.0
[10, 12, 16, 18] 640.0
[10, 12, 17, 19] 576.0
[10, 12, 18, 20] 512.0
[10, 12, 19, 21] 448.0
[10, 12, 20, 22] 384.0
[10, 12, 21, 23] 320.0
[10, 12, 22, 24] 256.0
[10, 12, 23, 25] 192.0
[10, 12, 24, 26] 128.0
[10, 12, 25, 27] 64.0
[10, 13, 14, 17] 640.0
[10, 13, 15, 18] 640.0
[10, 13, 16, 19] 576.0
[10, 13, 17, 20] 512.0
[10, 13, 18, 21] 448.0
[10, 13, 19, 22] 384.0
[10, 13, 20, 23] 320.0
[10, 13, 21, 24] 256.0
[10, 13, 22, 25] 192.0
[10, 13, 23, 26] 128.0
[10, 13, 24, 27] 64.0
[10, 14, 15, 19] 576.0
[10, 14, 16, 20] 512.0
[10, 14, 17, 21] 448.0
[10, 14, 18, 22] 384.0
[10, 14, 19, 23] 320.0
[10, 14, 20, 24] 256.0
[10, 14, 21, 25] 192.0
[10, 14, 22, 26] 128.0
[10, 14, 23, 27] 64.0
[10, 15, 16, 21] 448.0
[10, 15, 17, 22] 384.0
[10, 15, 18, 23] 320.0
[10, 15, 19, 24] 256.0
[10, 15, 20, 25] 192.0
[10, 15, 21, 26] 128.0
[10, 15, 22, 27] 64.0
[10, 16, 17, 23] 320.0
[10, 16, 18, 24] 256.0
[10, 16, 19, 25] 192.0
[10, 16, 20, 26] 128.0
[10, 16, 21, 27] 64.0
[10, 17, 18, 25] 192.0
[10, 17, 19, 26] 128.0
[10, 17, 20, 27] 64.0
[10, 18, 19, 27] 64.0
[11, 12, 13, 14] 704.0
[11, 12, 14, 15] 704.0
[11, 12, 15, 16] 704.0
[11, 12, 16, 17] 704.0
[11, 12, 17, 18] 704.0
[11, 12, 18, 19] 640.0
[11, 12, 19, 20] 576.0
[11, 12, 20, 21] 512.0
[11, 12, 21, 22] 448.0
[11, 12, 22, 23] 384.0
[11, 12, 23, 24] 320.0
[11, 12, 24, 25] 256.0
[11, 12, 25, 26] 192.0
[11, 12, 26, 27] 128.0
[11, 12, 27, 28] 64.0
[11, 13, 14, 16] 704.0
[11, 13, 15, 17] 704.0
[11, 13, 16, 18] 704.0
[11, 13, 17, 19] 640.0
[11, 13, 18, 20] 576.0
[11, 13, 19, 21] 512.0
[11, 13, 20, 22] 448.0
[11, 13, 21, 23] 384.0
[11, 13, 22, 24] 320.0
[11, 13, 23, 25] 256.0
[11, 13, 24, 26] 192.0
[11, 13, 25, 27] 128.0
[11, 13, 26, 28] 64.0
[11, 14, 15, 18] 704.0
[11, 14, 16, 19] 640.0
[11, 14, 17, 20] 576.0
[11, 14, 18, 21] 512.0
[11, 14, 19, 22] 448.0
[11, 14, 20, 23] 384.0
[11, 14, 21, 24] 320.0
[11, 14, 22, 25] 256.0
[11, 14, 23, 26] 192.0
[11, 14, 24, 27] 128.0
[11, 14, 25, 28] 64.0
[11, 15, 16, 20] 576.0
[11, 15, 17, 21] 512.0
[11, 15, 18, 22] 448.0
[11, 15, 19, 23] 384.0
[11, 15, 20, 24] 320.0
[11, 15, 21, 25] 256.0
[11, 15, 22, 26] 192.0
[11, 15, 23, 27] 128.0
[11, 15, 24, 28] 64.0
[11, 16, 17, 22] 448.0
[11, 16, 18, 23] 384.0
[11, 16, 19, 24] 320.0
[11, 16, 20, 25] 256.0
[11, 16, 21, 26] 192.0
[11, 16, 22, 27] 128.0
[11, 16, 23, 28] 64.0
[11, 17, 18, 24] 320.0
[11, 17, 19, 25] 256.0
[11, 17, 20, 26] 192.0
[11, 17, 21, 27] 128.0
[11, 17, 22, 28] 64.0
[11, 18, 19, 26] 192.0
[11, 18, 20, 27] 128.0
[11, 18, 21, 28] 64.0
[11, 19, 20, 28] 64.0
[12, 13, 14, 15] 768.0
[12, 13, 15, 16] 768.0
[12, 13, 16, 17] 768.0
[12, 13, 17, 18] 768.0
[12, 13, 18, 19] 704.0
[12, 13, 19, 20] 640.0
[12, 13, 20, 21] 576.0
[12, 13, 21, 22] 512.0
[12, 13, 22, 23] 448.0
[12, 13, 23, 24] 384.0
[12, 13, 24, 25] 320.0
[12, 13, 25, 26] 256.0
[12, 13, 26, 27] 192.0
[12, 13, 27, 28] 128.0
[12, 13, 28, 29] 64.0
[12, 14, 15, 17] 768.0
[12, 14, 16, 18] 768.0
[12, 14, 17, 19] 704.0
[12, 14, 18, 20] 640.0
[12, 14, 19, 21] 576.0
[12, 14, 20, 22] 512.0
[12, 14, 21, 23] 448.0
[12, 14, 22, 24] 384.0
[12, 14, 23, 25] 320.0
[12, 14, 24, 26] 256.0
[12, 14, 25, 27] 192.0
[12, 14, 26, 28] 128.0
[12, 14, 27, 29] 64.0
[12, 15, 16, 19] 704.0
[12, 15, 17, 20] 640.0
[12, 15, 18, 21] 576.0
[12, 15, 19, 22] 512.0
[12, 15, 20, 23] 448.0
[12, 15, 21, 24] 384.0
[12, 15, 22, 25] 320.0
[12, 15, 23, 26] 256.0
[12, 15, 24, 27] 192.0
[12, 15, 25, 28] 128.0
[12, 15, 26, 29] 64.0
[12, 16, 17, 21] 576.0
[12, 16, 18, 22] 512.0
[12, 16, 19, 23] 448.0
[12, 16, 20, 24] 384.0
[12, 16, 21, 25] 320.0
[12, 16, 22, 26] 256.0
[12, 16, 23, 27] 192.0
[12, 16, 24, 28] 128.0
[12, 16, 25, 29] 64.0
[12, 17, 18, 23] 448.0
[12, 17, 19, 24] 384.0
[12, 17, 20, 25] 320.0
[12, 17, 21, 26] 256.0
[12, 17, 22, 27] 192.0
[12, 17, 23, 28] 128.0
[12, 17, 24, 29] 64.0
[12, 18, 19, 25] 320.0
[12, 18, 20, 26] 256.0
[12, 18, 21, 27] 192.0
[12, 18, 22, 28] 128.0
[12, 18, 23, 29] 64.0
[12, 19, 20, 27] 192.0
[12, 19, 21, 28] 128.0
[12, 19, 22, 29] 64.0
[12, 20, 21, 29] 64.0
[13, 14, 15, 16] 832.0
[13, 14, 16, 17] 832.0
[13, 14, 17, 18] 832.0
[13, 14, 18, 19] 768.0
[13, 14, 19, 20] 704.0
[13, 14, 20, 21] 640.0
[13, 14, 21, 22] 576.0
[13, 14, 22, 23] 512.0
[13, 14, 23, 24] 448.0
[13, 14, 24, 25] 384.0
[13, 14, 25, 26] 320.0
[13, 14, 26, 27] 256.0
[13, 14, 27, 28] 192.0
[13, 14, 28, 29] 128.0
[13, 14, 29, 30] 64.0
[13, 15, 16, 18] 832.0
[13, 15, 17, 19] 768.0
[13, 15, 18, 20] 704.0
[13, 15, 19, 21] 640.0
[13, 15, 20, 22] 576.0
[13, 15, 21, 23] 512.0
[13, 15, 22, 24] 448.0
[13, 15, 23, 25] 384.0
[13, 15, 24, 26] 320.0
[13, 15, 25, 27] 256.0
[13, 15, 26, 28] 192.0
[13, 15, 27, 29] 128.0
[13, 15, 28, 30] 64.0
[13, 16, 17, 20] 704.0
[13, 16, 18, 21] 640.0
[13, 16, 19, 22] 576.0
[13, 16, 20, 23] 512.0
[13, 16, 21, 24] 448.0
[13, 16, 22, 25] 384.0
[13, 16, 23, 26] 320.0
[13, 16, 24, 27] 256.0
[13, 16, 25, 28] 192.0
[13, 16, 26, 29] 128.0
[13, 16, 27, 30] 64.0
[13, 17, 18, 22] 576.0
[13, 17, 19, 23] 512.0
[13, 17, 20, 24] 448.0
[13, 17, 21, 25] 384.0
[13, 17, 22, 26] 320.0
[13, 17, 23, 27] 256.0
[13, 17, 24, 28] 192.0
[13, 17, 25, 29] 128.0
[13, 17, 26, 30] 64.0
[13, 18, 19, 24] 448.0
[13, 18, 20, 25] 384.0
[13, 18, 21, 26] 320.0
[13, 18, 22, 27] 256.0
[13, 18, 23, 28] 192.0
[13, 18, 24, 29] 128.0
[13, 18, 25, 30] 64.0
[13, 19, 20, 26] 320.0
[13, 19, 21, 27] 256.0
[13, 19, 22, 28] 192.0
[13, 19, 23, 29] 128.0
[13, 19, 24, 30] 64.0
[13, 20, 21, 28] 192.0
[13, 20, 22, 29] 128.0
[13, 20, 23, 30] 64.0
[13, 21, 22, 30] 64.0
[14, 15, 16, 17] 896.0
[14, 15, 17, 18] 896.0
[14, 15, 18, 19] 832.0
[14, 15, 19, 20] 768.0
[14, 15, 20, 21] 704.0
[14, 15, 21, 22] 640.0
[14, 15, 22, 23] 576.0
[14, 15, 23, 24] 512.0
[14, 15, 24, 25] 448.0
[14, 15, 25, 26] 384.0
[14, 15, 26, 27] 320.0
[14, 15, 27, 28] 256.0
[14, 15, 28, 29] 192.0
[14, 15, 29, 30] 128.0
[14, 15, 30, 31] 64.0
[14, 16, 17, 19] 832.0
[14, 16, 18, 20] 768.0
[14, 16, 19, 21] 704.0
[14, 16, 20, 22] 640.0
[14, 16, 21, 23] 576.0
[14, 16, 22, 24] 512.0
[14, 16, 23, 25] 448.0
[14, 16, 24, 26] 384.0
[14, 16, 25, 27] 320.0
[14, 16, 26, 28] 256.0
[14, 16, 27, 29] 192.0
[14, 16, 28, 30] 128.0
[14, 16, 29, 31] 64.0
[14, 17, 18, 21] 704.0
[14, 17, 19, 22] 640.0
[14, 17, 20, 23] 576.0
[14, 17, 21, 24] 512.0
[14, 17, 22, 25] 448.0
[14, 17, 23, 26] 384.0
[14, 17, 24, 27] 320.0
[14, 17, 25, 28] 256.0
[14, 17, 26, 29] 192.0
[14, 17, 27, 30] 128.0
[14, 17, 28, 31] 64.0
[14, 18, 19, 23] 576.0
[14, 18, 20, 24] 512.0
[14, 18, 21, 25] 448.0
[14, 18, 22, 26] 384.0
[14, 18, 23, 27] 320.0
[14, 18, 24, 28] 256.0
[14, 18, 25, 29] 192.0
[14, 18, 26, 30] 128.0
[14, 18, 27, 31] 64.0
[14, 19, 20, 25] 448.0
[14, 19, 21, 26] 384.0
[14, 19, 22, 27] 320.0
[14, 19, 23, 28] 256.0
[14, 19, 24, 29] 192.0
[14, 19, 25, 30] 128.0
[14, 19, 26, 31] 64.0
[14, 20, 21, 27] 320.0
[14, 20, 22, 28] 256.0
[14, 20, 23, 29] 192.0
[14, 20, 24, 30] 128.0
[14, 20, 25, 31] 64.0
[14, 21, 22, 29] 192.0
[14, 21, 23, 30] 128.0
[14, 21, 24, 31] 64.0
[14, 22, 23, 31] 64.0
[15, 16, 17, 18] 960.0
[15, 16, 18, 19] 896.0
[15, 16, 19, 20] 832.0
[15, 16, 20, 21] 768.0
[15, 16, 21, 22] 704.0
[15, 16, 22, 23] 640.0
[15, 16, 23, 24] 576.0
[15, 16, 24, 25] 512.0
[15, 16, 25, 26] 448.0
[15, 16, 26, 27] 384.0
[15, 16, 27, 28] 320.0
[15, 16, 28, 29] 256.0
[15, 16, 29, 30] 192.0
[15, 16, 30, 31] 128.0
[15, 16, 31, 32] 64.0
[15, 17, 18, 20] 832.0
[15, 17, 19, 21] 768.0
[15, 17, 20, 22] 704.0
[15, 17, 21, 23] 640.0
[15, 17, 22, 24] 576.0
[15, 17, 23, 25] 512.0
[15, 17, 24, 26] 448.0
[15, 17, 25, 27] 384.0
[15, 17, 26, 28] 320.0
[15, 17, 27, 29] 256.0
[15, 17, 28, 30] 192.0
[15, 17, 29, 31] 128.0
[15, 17, 30, 32] 64.0
[15, 18, 19, 22] 704.0
[15, 18, 20, 23] 640.0
[15, 18, 21, 24] 576.0
[15, 18, 22, 25] 512.0
[15, 18, 23, 26] 448.0
[15, 18, 24, 27] 384.0
[15, 18, 25, 28] 320.0
[15, 18, 26, 29] 256.0
[15, 18, 27, 30] 192.0
[15, 18, 28, 31] 128.0
[15, 18, 29, 32] 64.0
[15, 19, 20, 24] 576.0
[15, 19, 21, 25] 512.0
[15, 19, 22, 26] 448.0
[15, 19, 23, 27] 384.0
[15, 19, 24, 28] 320.0
[15, 19, 25, 29] 256.0
[15, 19, 26, 30] 192.0
[15, 19, 27, 31] 128.0
[15, 19, 28, 32] 64.0
[15, 20, 21, 26] 448.0
[15, 20, 22, 27] 384.0
[15, 20, 23, 28] 320.0
[15, 20, 24, 29] 256.0
[15, 20, 25, 30] 192.0
[15, 20, 26, 31] 128.0
[15, 20, 27, 32] 64.0
[15, 21, 22, 28] 320.0
[15, 21, 23, 29] 256.0
[15, 21, 24, 30] 192.0
[15, 21, 25, 31] 128.0
[15, 21, 26, 32] 64.0
[15, 22, 23, 30] 192.0
[15, 22, 24, 31] 128.0
[15, 22, 25, 32] 64.0
[15, 23, 24, 32] 64.0
[16, 17, 18, 19] 960.0
[16, 17, 19, 20] 896.0
[16, 17, 20, 21] 832.0
[16, 17, 21, 22] 768.0
[16, 17, 22, 23] 704.0
[16, 17, 23, 24] 640.0
[16, 17, 24, 25] 576.0
[16, 17, 25, 26] 512.0
[16, 17, 26, 27] 448.0
[16, 17, 27, 28] 384.0
[16, 17, 28, 29] 320.0
[16, 17, 29, 30] 256.0
[16, 17, 30, 31] 192.0
[16, 17, 31, 32] 128.0
[16, 17, 32, 33] 64.0
[16, 18, 19, 21] 832.0
[16, 18, 20, 22] 768.0
[16, 18, 21, 23] 704.0
[16, 18, 22, 24] 640.0
[16, 18, 23, 25] 576.0
[16, 18, 24, 26] 512.0
[16, 18, 25, 27] 448.0
[16, 18, 26, 28] 384.0
[16, 18, 27, 29] 320.0
[16, 18, 28, 30] 256.0
[16, 18, 29, 31] 192.0
[16, 18, 30, 32] 128.0
[16, 18, 31, 33] 64.0
[16, 19, 20, 23] 704.0
[16, 19, 21, 24] 640.0
[16, 19, 22, 25] 576.0
[16, 19, 23, 26] 512.0
[16, 19, 24, 27] 448.0
[16, 19, 25, 28] 384.0
[16, 19, 26, 29] 320.0
[16, 19, 27, 30] 256.0
[16, 19, 28, 31] 192.0
[16, 19, 29, 32] 128.0
[16, 19, 30, 33] 64.0
[16, 20, 21, 25] 576.0
[16, 20, 22, 26] 512.0
[16, 20, 23, 27] 448.0
[16, 20, 24, 28] 384.0
[16, 20, 25, 29] 320.0
[16, 20, 26, 30] 256.0
[16, 20, 27, 31] 192.0
[16, 20, 28, 32] 128.0
[16, 20, 29, 33] 64.0
[16, 21, 22, 27] 448.0
[16, 21, 23, 28] 384.0
[16, 21, 24, 29] 320.0
[16, 21, 25, 30] 256.0
[16, 21, 26, 31] 192.0
[16, 21, 27, 32] 128.0
[16, 21, 28, 33] 64.0
[16, 22, 23, 29] 320.0
[16, 22, 24, 30] 256.0
[16, 22, 25, 31] 192.0
[16, 22, 26, 32] 128.0
[16, 22, 27, 33] 64.0
[16, 23, 24, 31] 192.0
[16, 23, 25, 32] 128.0
[16, 23, 26, 33] 64.0
[16, 24, 25, 33] 64.0
[17, 18, 19, 20] 960.0
[17, 18, 20, 21] 896.0
[17, 18, 21, 22] 832.0
[17, 18, 22, 23] 768.0
[17, 18, 23, 24] 704.0
[17, 18, 24, 25] 640.0
[17, 18, 25, 26] 576.0
[17, 18, 26, 27] 512.0
[17, 18, 27, 28] 448.0
[17, 18, 28, 29] 384.0
[17, 18, 29, 30] 320.0
[17, 18, 30, 31] 256.0
[17, 18, 31, 32] 192.0
[17, 18, 32, 33] 128.0
[17, 18, 33, 34] 64.0
[17, 19, 20, 22] 832.0
[17, 19, 21, 23] 768.0
[17, 19, 22, 24] 704.0
[17, 19, 23, 25] 640.0
[17, 19, 24, 26] 576.0
[17, 19, 25, 27] 512.0
[17, 19, 26, 28] 448.0
[17, 19, 27, 29] 384.0
[17, 19, 28, 30] 320.0
[17, 19, 29, 31] 256.0
[17, 19, 30, 32] 192.0
[17, 19, 31, 33] 128.0
[17, 19, 32, 34] 64.0
[17, 20, 21, 24] 704.0
[17, 20, 22, 25] 640.0
[17, 20, 23, 26] 576.0
[17, 20, 24, 27] 512.0
[17, 20, 25, 28] 448.0
[17, 20, 26, 29] 384.0
[17, 20, 27, 30] 320.0
[17, 20, 28, 31] 256.0
[17, 20, 29, 32] 192.0
[17, 20, 30, 33] 128.0
[17, 20, 31, 34] 64.0
[17, 21, 22, 26] 576.0
[17, 21, 23, 27] 512.0
[17, 21, 24, 28] 448.0
[17, 21, 25, 29] 384.0
[17, 21, 26, 30] 320.0
[17, 21, 27, 31] 256.0
[17, 21, 28, 32] 192.0
[17, 21, 29, 33] 128.0
[17, 21, 30, 34] 64.0
[17, 22, 23, 28] 448.0
[17, 22, 24, 29] 384.0
[17, 22, 25, 30] 320.0
[17, 22, 26, 31] 256.0
[17, 22, 27, 32] 192.0
[17, 22, 28, 33] 128.0
[17, 22, 29, 34] 64.0
[17, 23, 24, 30] 320.0
[17, 23, 25, 31] 256.0
[17, 23, 26, 32] 192.0
[17, 23, 27, 33] 128.0
[17, 23, 28, 34] 64.0
[17, 24, 25, 32] 192.0
[17, 24, 26, 33] 128.0
[17, 24, 27, 34] 64.0
[17, 25, 26, 34] 64.0
[18, 19, 20, 21] 960.0
[18, 19, 21, 22] 896.0
[18, 19, 22, 23] 832.0
[18, 19, 23, 24] 768.0
[18, 19, 24, 25] 704.0
[18, 19, 25, 26] 640.0
[18, 19, 26, 27] 576.0
[18, 19, 27, 28] 512.0
[18, 19, 28, 29] 448.0
[18, 19, 29, 30] 384.0
[18, 19, 30, 31] 320.0
[18, 19, 31, 32] 256.0
[18, 19, 32, 33] 192.0
[18, 19, 33, 34] 128.0
[18, 19, 34, 35] 64.0
[18, 20, 21, 23] 832.0
[18, 20, 22, 24] 768.0
[18, 20, 23, 25] 704.0
[18, 20, 24, 26] 640.0
[18, 20, 25, 27] 576.0
[18, 20, 26, 28] 512.0
[18, 20, 27, 29] 448.0
[18, 20, 28, 30] 384.0
[18, 20, 29, 31] 320.0
[18, 20, 30, 32] 256.0
[18, 20, 31, 33] 192.0
[18, 20, 32, 34] 128.0
[18, 20, 33, 35] 64.0
[18, 21, 22, 25] 704.0
[18, 21, 23, 26] 640.0
[18, 21, 24, 27] 576.0
[18, 21, 25, 28] 512.0
[18, 21, 26, 29] 448.0
[18, 21, 27, 30] 384.0
[18, 21, 28, 31] 320.0
[18, 21, 29, 32] 256.0
[18, 21, 30, 33] 192.0
[18, 21, 31, 34] 128.0
[18, 21, 32, 35] 64.0
[18, 22, 23, 27] 576.0
[18, 22, 24, 28] 512.0
[18, 22, 25, 29] 448.0
[18, 22, 26, 30] 384.0
[18, 22, 27, 31] 320.0
[18, 22, 28, 32] 256.0
[18, 22, 29, 33] 192.0
[18, 22, 30, 34] 128.0
[18, 22, 31, 35] 64.0
[18, 23, 24, 29] 448.0
[18, 23, 25, 30] 384.0
[18, 23, 26, 31] 320.0
[18, 23, 27, 32] 256.0
[18, 23, 28, 33] 192.0
[18, 23, 29, 34] 128.0
[18, 23, 30, 35] 64.0
[18, 24, 25, 31] 320.0
[18, 24, 26, 32] 256.0
[18, 24, 27, 33] 192.0
[18, 24, 28, 34] 128.0
[18, 24, 29, 35] 64.0
[18, 25, 26, 33] 192.0
[18, 25, 27, 34] 128.0
[18, 25, 28, 35] 64.0
[18, 26, 27, 35] 64.0
[19, 20, 21, 22] 896.0
[19, 20, 22, 23] 832.0
[19, 20, 23, 24] 768.0
[19, 20, 24, 25] 704.0
[19, 20, 25, 26] 640.0
[19, 20, 26, 27] 576.0
[19, 20, 27, 28] 512.0
[19, 20, 28, 29] 448.0
[19, 20, 29, 30] 384.0
[19, 20, 30, 31] 320.0
[19, 20, 31, 32] 256.0
[19, 20, 32, 33] 192.0
[19, 20, 33, 34] 128.0
[19, 20, 34, 35] 64.0
[19, 21, 22, 24] 768.0
[19, 21, 23, 25] 704.0
[19, 21, 24, 26] 640.0
[19, 21, 25, 27] 576.0
[19, 21, 26, 28] 512.0
[19, 21, 27, 29] 448.0
[19, 21, 28, 30] 384.0
[19, 21, 29, 31] 320.0
[19, 21, 30, 32] 256.0
[19, 21, 31, 33] 192.0
[19, 21, 32, 34] 128.0
[19, 21, 33, 35] 64.0
[19, 22, 23, 26] 640.0
[19, 22, 24, 27] 576.0
[19, 22, 25, 28] 512.0
[19, 22, 26, 29] 448.0
[19, 22, 27, 30] 384.0
[19, 22, 28, 31] 320.0
[19, 22, 29, 32] 256.0
[19, 22, 30, 33] 192.0
[19, 22, 31, 34] 128.0
[19, 22, 32, 35] 64.0
[19, 23, 24, 28] 512.0
[19, 23, 25, 29] 448.0
[19, 23, 26, 30] 384.0
[19, 23, 27, 31] 320.0
[19, 23, 28, 32] 256.0
[19, 23, 29, 33] 192.0
[19, 23, 30, 34] 128.0
[19, 23, 31, 35] 64.0
[19, 24, 25, 30] 384.0
[19, 24, 26, 31] 320.0
[19, 24, 27, 32] 256.0
[19, 24, 28, 33] 192.0
[19, 24, 29, 34] 128.0
[19, 24, 30, 35] 64.0
[19, 25, 26, 32] 256.0
[19, 25, 27, 33] 192.0
[19, 25, 28, 34] 128.0
[19, 25, 29, 35] 64.0
[19, 26, 27, 34] 128.0
[19, 26, 28, 35] 64.0
[20, 21, 22, 23] 832.0
[20, 21, 23, 24] 768.0
[20, 21, 24, 25] 704.0
[20, 21, 25, 26] 640.0
[20, 21, 26, 27] 576.0
[20, 21, 27, 28] 512.0
[20, 21, 28, 29] 448.0
[20, 21, 29, 30] 384.0
[20, 21, 30, 31] 320.0
[20, 21, 31, 32] 256.0
[20, 21, 32, 33] 192.0
[20, 21, 33, 34] 128.0
[20, 21, 34, 35] 64.0
[20, 22, 23, 25] 704.0
[20, 22, 24, 26] 640.0
[20, 22, 25, 27] 576.0
[20, 22, 26, 28] 512.0
[20, 22, 27, 29] 448.0
[20, 22, 28, 30] 384.0
[20, 22, 29, 31] 320.0
[20, 22, 30, 32] 256.0
[20, 22, 31, 33] 192.0
[20, 22, 32, 34] 128.0
[20, 22, 33, 35] 64.0
[20, 23, 24, 27] 576.0
[20, 23, 25, 28] 512.0
[20, 23, 26, 29] 448.0
[20, 23, 27, 30] 384.0
[20, 23, 28, 31] 320.0
[20, 23, 29, 32] 256.0
[20, 23, 30, 33] 192.0
[20, 23, 31, 34] 128.0
[20, 23, 32, 35] 64.0
[20, 24, 25, 29] 448.0
[20, 24, 26, 30] 384.0
[20, 24, 27, 31] 320.0
[20, 24, 28, 32] 256.0
[20, 24, 29, 33] 192.0
[20, 24, 30, 34] 128.0
[20, 24, 31, 35] 64.0
[20, 25, 26, 31] 320.0
[20, 25, 27, 32] 256.0
[20, 25, 28, 33] 192.0
[20, 25, 29, 34] 128.0
[20, 25, 30, 35] 64.0
[20, 26, 27, 33] 192.0
[20, 26, 28, 34] 128.0
[20, 26, 29, 35] 64.0
[20, 27, 28, 35] 64.0
[21, 22, 23, 24] 768.0
[21, 22, 24, 25] 704.0
[21, 22, 25, 26] 640.0
[21, 22, 26, 27] 576.0
[21, 22, 27, 28] 512.0
[21, 22, 28, 29] 448.0
[21, 22, 29, 30] 384.0
[21, 22, 30, 31] 320.0
[21, 22, 31, 32] 256.0
[21, 22, 32, 33] 192.0
[21, 22, 33, 34] 128.0
[21, 22, 34, 35] 64.0
[21, 23, 24, 26] 640.0
[21, 23, 25, 27] 576.0
[21, 23, 26, 28] 512.0
[21, 23, 27, 29] 448.0
[21, 23, 28, 30] 384.0
[21, 23, 29, 31] 320.0
[21, 23, 30, 32] 256.0
[21, 23, 31, 33] 192.0
[21, 23, 32, 34] 128.0
[21, 23, 33, 35] 64.0
[21, 24, 25, 28] 512.0
[21, 24, 26, 29] 448.0
[21, 24, 27, 30] 384.0
[21, 24, 28, 31] 320.0
[21, 24, 29, 32] 256.0
[21, 24, 30, 33] 192.0
[21, 24, 31, 34] 128.0
[21, 24, 32, 35] 64.0
[21, 25, 26, 30] 384.0
[21, 25, 27, 31] 320.0
[21, 25, 28, 32] 256.0
[21, 25, 29, 33] 192.0
[21, 25, 30, 34] 128.0
[21, 25, 31, 35] 64.0
[21, 26, 27, 32] 256.0
[21, 26, 28, 33] 192.0
[21, 26, 29, 34] 128.0
[21, 26, 30, 35] 64.0
[21, 27, 28, 34] 128.0
[21, 27, 29, 35] 64.0
[22, 23, 24, 25] 704.0
[22, 23, 25, 26] 640.0
[22, 23, 26, 27] 576.0
[22, 23, 27, 28] 512.0
[22, 23, 28, 29] 448.0
[22, 23, 29, 30] 384.0
[22, 23, 30, 31] 320.0
[22, 23, 31, 32] 256.0
[22, 23, 32, 33] 192.0
[22, 23, 33, 34] 128.0
[22, 23, 34, 35] 64.0
[22, 24, 25, 27] 576.0
[22, 24, 26, 28] 512.0
[22, 24, 27, 29] 448.0
[22, 24, 28, 30] 384.0
[22, 24, 29, 31] 320.0
[22, 24, 30, 32] 256.0
[22, 24, 31, 33] 192.0
[22, 24, 32, 34] 128.0
[22, 24, 33, 35] 64.0
[22, 25, 26, 29] 448.0
[22, 25, 27, 30] 384.0
[22, 25, 28, 31] 320.0
[22, 25, 29, 32] 256.0
[22, 25, 30, 33] 192.0
[22, 25, 31, 34] 128.0
[22, 25, 32, 35] 64.0
[22, 26, 27, 31] 320.0
[22, 26, 28, 32] 256.0
[22, 26, 29, 33] 192.0
[22, 26, 30, 34] 128.0
[22, 26, 31, 35] 64.0
[22, 27, 28, 33] 192.0
[22, 27, 29, 34] 128.0
[22, 27, 30, 35] 64.0
[22, 28, 29, 35] 64.0
[23, 24, 25, 26] 640.0
[23, 24, 26, 27] 576.0
[23, 24, 27, 28] 512.0
[23, 24, 28, 29] 448.0
[23, 24, 29, 30] 384.0
[23, 24, 30, 31] 320.0
[23, 24, 31, 32] 256.0
[23, 24, 32, 33] 192.0
[23, 24, 33, 34] 128.0
[23, 24, 34, 35] 64.0
[23, 25, 26, 28] 512.0
[23, 25, 27, 29] 448.0
[23, 25, 28, 30] 384.0
[23, 25, 29, 31] 320.0
[23, 25, 30, 32] 256.0
[23, 25, 31, 33] 192.0
[23, 25, 32, 34] 128.0
[23, 25, 33, 35] 64.0
[23, 26, 27, 30] 384.0
[23, 26, 28, 31] 320.0
[23, 26, 29, 32] 256.0
[23, 26, 30, 33] 192.0
[23, 26, 31, 34] 128.0
[23, 26, 32, 35] 64.0
[23, 27, 28, 32] 256.0
[23, 27, 29, 33] 192.0
[23, 27, 30, 34] 128.0
[23, 27, 31, 35] 64.0
[23, 28, 29, 34] 128.0
[23, 28, 30, 35] 64.0
[24, 25, 26, 27] 576.0
[24, 25, 27, 28] 512.0
[24, 25, 28, 29] 448.0
[24, 25, 29, 30] 384.0
[24, 25, 30, 31] 320.0
[24, 25, 31, 32] 256.0
[24, 25, 32, 33] 192.0
[24, 25, 33, 34] 128.0
[24, 25, 34, 35] 64.0
[24, 26, 27, 29] 448.0
[24, 26, 28, 30] 384.0
[24, 26, 29, 31] 320.0
[24, 26, 30, 32] 256.0
[24, 26, 31, 33] 192.0
[24, 26, 32, 34] 128.0
[24, 26, 33, 35] 64.0
[24, 27, 28, 31] 320.0
[24, 27, 29, 32] 256.0
[24, 27, 30, 33] 192.0
[24, 27, 31, 34] 128.0
[24, 27, 32, 35] 64.0
[24, 28, 29, 33] 192.0
[24, 28, 30, 34] 128.0
[24, 28, 31, 35] 64.0
[24, 29, 30, 35] 64.0
[25, 26, 27, 28] 512.0
[25, 26, 28, 29] 448.0
[25, 26, 29, 30] 384.0
[25, 26, 30, 31] 320.0
[25, 26, 31, 32] 256.0
[25, 26, 32, 33] 192.0
[25, 26, 33, 34] 128.0
[25, 26, 34, 35] 64.0
[25, 27, 28, 30] 384.0
[25, 27, 29, 31] 320.0
[25, 27, 30, 32] 256.0
[25, 27, 31, 33] 192.0
[25, 27, 32, 34] 128.0
[25, 27, 33, 35] 64.0
[25, 28, 29, 32] 256.0
[25, 28, 30, 33] 192.0
[25, 28, 31, 34] 128.0
[25, 28, 32, 35] 64.0
[25, 29, 30, 34] 128.0
[25, 29, 31, 35] 64.0
[26, 27, 28, 29] 448.0
[26, 27, 29, 30] 384.0
[26, 27, 30, 31] 320.0
[26, 27, 31, 32] 256.0
[26, 27, 32, 33] 192.0
[26, 27, 33, 34] 128.0
[26, 27, 34, 35] 64.0
[26, 28, 29, 31] 320.0
[26, 28, 30, 32] 256.0
[26, 28, 31, 33] 192.0
[26, 28, 32, 34] 128.0
[26, 28, 33, 35] 64.0
[26, 29, 30, 33] 192.0
[26, 29, 31, 34] 128.0
[26, 29, 32, 35] 64.0
[26, 30, 31, 35] 64.0
[27, 28, 29, 30] 384.0
[27, 28, 30, 31] 320.0
[27, 28, 31, 32] 256.0
[27, 28, 32, 33] 192.0
[27, 28, 33, 34] 128.0
[27, 28, 34, 35] 64.0
[27, 29, 30, 32] 256.0
[27, 29, 31, 33] 192.0
[27, 29, 32, 34] 128.0
[27, 29, 33, 35] 64.0
[27, 30, 31, 34] 128.0
[27, 30, 32, 35] 64.0
[28, 29, 30, 31] 320.0
[28, 29, 31, 32] 256.0
[28, 29, 32, 33] 192.0
[28, 29, 33, 34] 128.0
[28, 29, 34, 35] 64.0
[28, 30, 31, 33] 192.0
[28, 30, 32, 34] 128.0
[28, 30, 33, 35] 64.0
[28, 31, 32, 35] 64.0
[29, 30, 31, 32] 256.0
[29, 30, 32, 33] 192.0
[29, 30, 33, 34] 128.0
[29, 30, 34, 35] 64.0
[29, 31, 32, 34] 128.0
[29, 31, 33, 35] 64.0
[30, 31, 32, 33] 192.0
[30, 31, 33, 34] 128.0
[30, 31, 34, 35] 64.0
[30, 32, 33, 35] 64.0
[31, 32, 33, 34] 128.0
[31, 32, 34, 35] 64.0
[32, 33, 34, 35] 64.0
[1, 2, 3] -32.0
[1, 2, 4] -64.0
[1, 2, 5] -64.0
[1, 2, 6] -64.0
[1, 2, 7] -64.0
[1, 2, 8] -64.0
[1, 2, 9] -64.0
[1, 2, 10] -64.0
[1, 2, 11] -64.0
[1, 2, 12] -64.0
[1, 2, 13] -64.0
[1, 2, 14] -64.0
[1, 2, 15] -64.0
[1, 2, 16] -64.0
[1, 2, 17] -64.0
[1, 2, 18] -32.0
[1, 3, 4] -64.0
[1, 3, 5] -32.0
[1, 3, 6] -64.0
[1, 3, 7] -64.0
[1, 3, 8] -64.0
[1, 3, 9] -64.0
[1, 3, 10] -64.0
[1, 3, 11] -64.0
[1, 3, 12] -64.0
[1, 3, 13] -64.0
[1, 3, 14] -64.0
[1, 3, 15] -64.0
[1, 3, 16] -64.0
[1, 3, 17] -32.0
[1, 3, 18] -32.0
[1, 4, 5] -64.0
[1, 4, 6] -64.0
[1, 4, 7] -32.0
[1, 4, 8] -64.0
[1, 4, 9] -64.0
[1, 4, 10] -64.0
[1, 4, 11] -64.0
[1, 4, 12] -64.0
[1, 4, 13] -64.0
[1, 4, 14] -64.0
[1, 4, 15] -64.0
[1, 4, 16] -32.0
[1, 4, 17] -32.0
[1, 4, 18] -32.0
[1, 5, 6] -64.0
[1, 5, 7] -64.0
[1, 5, 8] -64.0
[1, 5, 9] -32.0
[1, 5, 10] -64.0
[1, 5, 11] -64.0
[1, 5, 12] -64.0
[1, 5, 13] -64.0
[1, 5, 14] -64.0
[1, 5, 15] -32.0
[1, 5, 16] -32.0
[1, 5, 17] -32.0
[1, 5, 18] -32.0
[1, 6, 7] -64.0
[1, 6, 8] -64.0
[1, 6, 9] -64.0
[1, 6, 10] -64.0
[1, 6, 11] -32.0
[1, 6, 12] -64.0
[1, 6, 13] -64.0
[1, 6, 14] -32.0
[1, 6, 15] -32.0
[1, 6, 16] -32.0
[1, 6, 17] -32.0
[1, 6, 18] -32.0
[1, 7, 8] -64.0
[1, 7, 9] -64.0
[1, 7, 10] -64.0
[1, 7, 11] -64.0
[1, 7, 12] -64.0
[1, 7, 14] -32.0
[1, 7, 15] -32.0
[1, 7, 16] -32.0
[1, 7, 17] -32.0
[1, 7, 18] -32.0
[1, 8, 9] -64.0
[1, 8, 10] -64.0
[1, 8, 11] -64.0
[1, 8, 12] -32.0
[1, 8, 13] -32.0
[1, 8, 14] -32.0
[1, 8, 16] -32.0
[1, 8, 17] -32.0
[1, 8, 18] -32.0
[1, 9, 10] -64.0
[1, 9, 11] -32.0
[1, 9, 12] -32.0
[1, 9, 13] -32.0
[1, 9, 14] -32.0
[1, 9, 15] -32.0
[1, 9, 16] -32.0
[1, 9, 18] -32.0
[1, 10, 11] -32.0
[1, 10, 12] -32.0
[1, 10, 13] -32.0
[1, 10, 14] -32.0
[1, 10, 15] -32.0
[1, 10, 16] -32.0
[1, 10, 17] -32.0
[1, 10, 18] -32.0
[1, 11, 12] -32.0
[1, 11, 13] -32.0
[1, 11, 14] -32.0
[1, 11, 15] -32.0
[1, 11, 16] -32.0
[1, 11, 17] -32.0
[1, 11, 18] -32.0
[1, 12, 13] -32.0
[1, 12, 14] -32.0
[1, 12, 15] -32.0
[1, 12, 16] -32.0
[1, 12, 17] -32.0
[1, 12, 18] -32.0
[1, 13, 14] -32.0
[1, 13, 15] -32.0
[1, 13, 16] -32.0
[1, 13, 17] -32.0
[1, 13, 18] -32.0
[1, 14, 15] -32.0
[1, 14, 16] -32.0
[1, 14, 17] -32.0
[1, 14, 18] -32.0
[1, 15, 16] -32.0
[1, 15, 17] -32.0
[1, 15, 18] -32.0
[1, 16, 17] -32.0
[1, 16, 18] -32.0
[1, 17, 18] -32.0
[2, 3, 4] -96.0
[2, 3, 5] -128.0
[2, 3, 6] -128.0
[2, 3, 7] -128.0
[2, 3, 8] -128.0
[2, 3, 9] -128.0
[2, 3, 10] -128.0
[2, 3, 11] -128.0
[2, 3, 12] -128.0
[2, 3, 13] -128.0
[2, 3, 14] -128.0
[2, 3, 15] -128.0
[2, 3, 16] -128.0
[2, 3, 17] -128.0
[2, 3, 18] -96.0
[2, 3, 19] -32.0
[2, 4, 5] -160.0
[2, 4, 6] -64.0
[2, 4, 7] -128.0
[2, 4, 8] -128.0
[2, 4, 9] -128.0
[2, 4, 10] -128.0
[2, 4, 11] -128.0
[2, 4, 12] -128.0
[2, 4, 13] -128.0
[2, 4, 14] -128.0
[2, 4, 15] -128.0
[2, 4, 16] -128.0
[2, 4, 17] -96.0
[2, 4, 18] -64.0
[2, 4, 19] -32.0
[2, 5, 6] -160.0
[2, 5, 7] -128.0
[2, 5, 8] -64.0
[2, 5, 9] -128.0
[2, 5, 10] -128.0
[2, 5, 11] -128.0
[2, 5, 12] -128.0
[2, 5, 13] -128.0
[2, 5, 14] -128.0
[2, 5, 15] -128.0
[2, 5, 16] -96.0
[2, 5, 17] -64.0
[2, 5, 18] -64.0
[2, 5, 19] -32.0
[2, 6, 7] -160.0
[2, 6, 8] -128.0
[2, 6, 9] -128.0
[2, 6, 10] -64.0
[2, 6, 11] -128.0
[2, 6, 12] -128.0
[2, 6, 13] -128.0
[2, 6, 14] -128.0
[2, 6, 15] -96.0
[2, 6, 16] -64.0
[2, 6, 17] -64.0
[2, 6, 18] -64.0
[2, 6, 19] -32.0
[2, 7, 8] -160.0
[2, 7, 9] -128.0
[2, 7, 10] -128.0
[2, 7, 11] -128.0
[2, 7, 12] -64.0
[2, 7, 13] -128.0
[2, 7, 14] -96.0
[2, 7, 15] -64.0
[2, 7, 16] -64.0
[2, 7, 17] -64.0
[2, 7, 18] -64.0
[2, 7, 19] -32.0
[2, 8, 9] -160.0
[2, 8, 10] -128.0
[2, 8, 11] -128.0
[2, 8, 12] -128.0
[2, 8, 13] -96.0
[2, 8, 15] -64.0
[2, 8, 16] -64.0
[2, 8, 17] -64.0
[2, 8, 18] -64.0
[2, 8, 19] -32.0
[2, 9, 10] -160.0
[2, 9, 11] -128.0
[2, 9, 12] -96.0
[2, 9, 13] -64.0
[2, 9, 14] -64.0
[2, 9, 15] -64.0
[2, 9, 17] -64.0
[2, 9, 18] -64.0
[2, 9, 19] -32.0
[2, 10, 11] -128.0
[2, 10, 12] -64.0
[2, 10, 13] -64.0
[2, 10, 14] -64.0
[2, 10, 15] -64.0
[2, 10, 16] -64.0
[2, 10, 17] -64.0
[2, 10, 19] -32.0
[2, 11, 12] -96.0
[2, 11, 13] -64.0
[2, 11, 14] -64.0
[2, 11, 15] -64.0
[2, 11, 16] -64.0
[2, 11, 17] -64.0
[2, 11, 18] -64.0
[2, 11, 19] -32.0
[2, 12, 13] -96.0
[2, 12, 14] -64.0
[2, 12, 15] -64.0
[2, 12, 16] -64.0
[2, 12, 17] -64.0
[2, 12, 18] -64.0
[2, 12, 19] -32.0
[2, 13, 14] -96.0
[2, 13, 15] -64.0
[2, 13, 16] -64.0
[2, 13, 17] -64.0
[2, 13, 18] -64.0
[2, 13, 19] -32.0
[2, 14, 15] -96.0
[2, 14, 16] -64.0
[2, 14, 17] -64.0
[2, 14, 18] -64.0
[2, 14, 19] -32.0
[2, 15, 16] -96.0
[2, 15, 17] -64.0
[2, 15, 18] -64.0
[2, 15, 19] -32.0
[2, 16, 17] -96.0
[2, 16, 18] -64.0
[2, 16, 19] -32.0
[2, 17, 18] -96.0
[2, 17, 19] -32.0
[2, 18, 19] -32.0
[3, 4, 5] -160.0
[3, 4, 6] -224.0
[3, 4, 7] -192.0
[3, 4, 8] -192.0
[3, 4, 9] -192.0
[3, 4, 10] -192.0
[3, 4, 11] -192.0
[3, 4, 12] -192.0
[3, 4, 13] -192.0
[3, 4, 14] -192.0
[3, 4, 15] -192.0
[3, 4, 16] -192.0
[3, 4, 17] -192.0
[3, 4, 18] -160.0
[3, 4, 19] -96.0
[3, 4, 20] -32.0
[3, 5, 6] -256.0
[3, 5, 7] -128.0
[3, 5, 8] -192.0
[3, 5, 9] -192.0
[3, 5, 10] -192.0
[3, 5, 11] -192.0
[3, 5, 12] -192.0
[3, 5, 13] -192.0
[3, 5, 14] -192.0
[3, 5, 15] -192.0
[3, 5, 16] -192.0
[3, 5, 17] -160.0
[3, 5, 18] -128.0
[3, 5, 19] -64.0
[3, 5, 20] -32.0
[3, 6, 7] -256.0
[3, 6, 8] -224.0
[3, 6, 9] -96.0
[3, 6, 10] -192.0
[3, 6, 11] -192.0
[3, 6, 12] -192.0
[3, 6, 13] -192.0
[3, 6, 14] -192.0
[3, 6, 15] -192.0
[3, 6, 16] -160.0
[3, 6, 17] -128.0
[3, 6, 18] -96.0
[3, 6, 19] -64.0
[3, 6, 20] -32.0
[3, 7, 8] -256.0
[3, 7, 9] -224.0
[3, 7, 10] -192.0
[3, 7, 11] -96.0
[3, 7, 12] -192.0
[3, 7, 13] -192.0
[3, 7, 14] -192.0
[3, 7, 15] -160.0
[3, 7, 16] -128.0
[3, 7, 17] -96.0
[3, 7, 18] -96.0
[3, 7, 19] -64.0
[3, 7, 20] -32.0
[3, 8, 9] -256.0
[3, 8, 10] -224.0
[3, 8, 11] -192.0
[3, 8, 12] -192.0
[3, 8, 13] -96.0
[3, 8, 14] -160.0
[3, 8, 15] -128.0
[3, 8, 16] -96.0
[3, 8, 17] -96.0
[3, 8, 18] -96.0
[3, 8, 19] -64.0
[3, 8, 20] -32.0
[3, 9, 10] -256.0
[3, 9, 11] -224.0
[3, 9, 12] -192.0
[3, 9, 13] -160.0
[3, 9, 14] -128.0
[3, 9, 16] -96.0
[3, 9, 17] -96.0
[3, 9, 18] -96.0
[3, 9, 19] -64.0
[3, 9, 20] -32.0
[3, 10, 11] -256.0
[3, 10, 12] -192.0
[3, 10, 13] -128.0
[3, 10, 14] -96.0
[3, 10, 15] -96.0
[3, 10, 16] -96.0
[3, 10, 18] -96.0
[3, 10, 19] -64.0
[3, 10, 20] -32.0
[3, 11, 12] -192.0
[3, 11, 13] -128.0
[3, 11, 14] -96.0
[3, 11, 15] -96.0
[3, 11, 16] -96.0
[3, 11, 17] -96.0
[3, 11, 18] -96.0
[3, 11, 20] -32.0
[3, 12, 13] -160.0
[3, 12, 14] -128.0
[3, 12, 15] -96.0
[3, 12, 16] -96.0
[3, 12, 17] -96.0
[3, 12, 18] -96.0
[3, 12, 19] -64.0
[3, 12, 20] -32.0
[3, 13, 14] -160.0
[3, 13, 15] -128.0
[3, 13, 16] -96.0
[3, 13, 17] -96.0
[3, 13, 18] -96.0
[3, 13, 19] -64.0
[3, 13, 20] -32.0
[3, 14, 15] -160.0
[3, 14, 16] -128.0
[3, 14, 17] -96.0
[3, 14, 18] -96.0
[3, 14, 19] -64.0
[3, 14, 20] -32.0
[3, 15, 16] -160.0
[3, 15, 17] -128.0
[3, 15, 18] -96.0
[3, 15, 19] -64.0
[3, 15, 20] -32.0
[3, 16, 17] -160.0
[3, 16, 18] -128.0
[3, 16, 19] -64.0
[3, 16, 20] -32.0
[3, 17, 18] -160.0
[3, 17, 19] -64.0
[3, 17, 20] -32.0
[3, 18, 19] -96.0
[3, 18, 20] -32.0
[3, 19, 20] -32.0
[4, 5, 6] -224.0
[4, 5, 7] -320.0
[4, 5, 8] -288.0
[4, 5, 9] -256.0
[4, 5, 10] -256.0
[4, 5, 11] -256.0
[4, 5, 12] -256.0
[4, 5, 13] -256.0
[4, 5, 14] -256.0
[4, 5, 15] -256.0
[4, 5, 16] -256.0
[4, 5, 17] -256.0
[4, 5, 18] -224.0
[4, 5, 19] -160.0
[4, 5, 20] -96.0
[4, 5, 21] -32.0
[4, 6, 7] -352.0
[4, 6, 8] -192.0
[4, 6, 9] -288.0
[4, 6, 10] -256.0
[4, 6, 11] -256.0
[4, 6, 12] -256.0
[4, 6, 13] -256.0
[4, 6, 14] -256.0
[4, 6, 15] -256.0
[4, 6, 16] -256.0
[4, 6, 17] -224.0
[4, 6, 18] -192.0
[4, 6, 19] -128.0
[4, 6, 20] -64.0
[4, 6, 21] -32.0
[4, 7, 8] -352.0
[4, 7, 9] -320.0
[4, 7, 10] -160.0
[4, 7, 11] -256.0
[4, 7, 12] -256.0
[4, 7, 13] -256.0
[4, 7, 14] -256.0
[4, 7, 15] -256.0
[4, 7, 16] -224.0
[4, 7, 17] -192.0
[4, 7, 18] -160.0
[4, 7, 19] -96.0
[4, 7, 20] -64.0
[4, 7, 21] -32.0
[4, 8, 9] -352.0
[4, 8, 10] -320.0
[4, 8, 11] -288.0
[4, 8, 12] -128.0
[4, 8, 13] -256.0
[4, 8, 14] -256.0
[4, 8, 15] -224.0
[4, 8, 16] -192.0
[4, 8, 17] -160.0
[4, 8, 18] -128.0
[4, 8, 19] -96.0
[4, 8, 20] -64.0
[4, 8, 21] -32.0
[4, 9, 10] -352.0
[4, 9, 11] -320.0
[4, 9, 12] -288.0
[4, 9, 13] -256.0
[4, 9, 14] -96.0
[4, 9, 15] -192.0
[4, 9, 16] -160.0
[4, 9, 17] -128.0
[4, 9, 18] -128.0
[4, 9, 19] -96.0
[4, 9, 20] -64.0
[4, 9, 21] -32.0
[4, 10, 11] -352.0
[4, 10, 12] -320.0
[4, 10, 13] -256.0
[4, 10, 14] -192.0
[4, 10, 15] -160.0
[4, 10, 17] -128.0
[4, 10, 18] -128.0
[4, 10, 19] -96.0
[4, 10, 20] -64.0
[4, 10, 21] -32.0
[4, 11, 12] -320.0
[4, 11, 13] -256.0
[4, 11, 14] -192.0
[4, 11, 15] -128.0
[4, 11, 16] -128.0
[4, 11, 17] -128.0
[4, 11, 19] -96.0
[4, 11, 20] -64.0
[4, 11, 21] -32.0
[4, 12, 13] -256.0
[4, 12, 14] -192.0
[4, 12, 15] -160.0
[4, 12, 16] -128.0
[4, 12, 17] -128.0
[4, 12, 18] -128.0
[4, 12, 19] -96.0
[4, 12, 21] -32.0
[4, 13, 14] -224.0
[4, 13, 15] -192.0
[4, 13, 16] -160.0
[4, 13, 17] -128.0
[4, 13, 18] -128.0
[4, 13, 19] -96.0
[4, 13, 20] -64.0
[4, 13, 21] -32.0
[4, 14, 15] -224.0
[4, 14, 16] -192.0
[4, 14, 17] -160.0
[4, 14, 18] -128.0
[4, 14, 19] -96.0
[4, 14, 20] -64.0
[4, 14, 21] -32.0
[4, 15, 16] -224.0
[4, 15, 17] -192.0
[4, 15, 18] -160.0
[4, 15, 19] -96.0
[4, 15, 20] -64.0
[4, 15, 21] -32.0
[4, 16, 17] -224.0
[4, 16, 18] -192.0
[4, 16, 19] -96.0
[4, 16, 20] -64.0
[4, 16, 21] -32.0
[4, 17, 18] -224.0
[4, 17, 19] -128.0
[4, 17, 20] -64.0
[4, 17, 21] -32.0
[4, 18, 19] -160.0
[4, 18, 20] -64.0
[4, 18, 21] -32.0
[4, 19, 20] -96.0
[4, 19, 21] -32.0
[4, 20, 21] -32.0
[5, 6, 7] -288.0
[5, 6, 8] -416.0
[5, 6, 9] -384.0
[5, 6, 10] -352.0
[5, 6, 11] -320.0
[5, 6, 12] -320.0
[5, 6, 13] -320.0
[5, 6, 14] -320.0
[5, 6, 15] -320.0
[5, 6, 16] -320.0
[5, 6, 17] -320.0
[5, 6, 18] -288.0
[5, 6, 19] -224.0
[5, 6, 20] -160.0
[5, 6, 21] -96.0
[5, 6, 22] -32.0
[5, 7, 8] -448.0
[5, 7, 9] -256.0
[5, 7, 10] -384.0
[5, 7, 11] -352.0
[5, 7, 12] -320.0
[5, 7, 13] -320.0
[5, 7, 14] -320.0
[5, 7, 15] -320.0
[5, 7, 16] -320.0
[5, 7, 17] -288.0
[5, 7, 18] -256.0
[5, 7, 19] -192.0
[5, 7, 20] -128.0
[5, 7, 21] -64.0
[5, 7, 22] -32.0
[5, 8, 9] -448.0
[5, 8, 10] -416.0
[5, 8, 11] -224.0
[5, 8, 12] -352.0
[5, 8, 13] -320.0
[5, 8, 14] -320.0
[5, 8, 15] -320.0
[5, 8, 16] -288.0
[5, 8, 17] -256.0
[5, 8, 18] -224.0
[5, 8, 19] -160.0
[5, 8, 20] -96.0
[5, 8, 21] -64.0
[5, 8, 22] -32.0
[5, 9, 10] -448.0
[5, 9, 11] -416.0
[5, 9, 12] -384.0
[5, 9, 13] -192.0
[5, 9, 14] -320.0
[5, 9, 15] -288.0
[5, 9, 16] -256.0
[5, 9, 17] -224.0
[5, 9, 18] -192.0
[5, 9, 19] -128.0
[5, 9, 20] -96.0
[5, 9, 21] -64.0
[5, 9, 22] -32.0
[5, 10, 11] -448.0
[5, 10, 12] -416.0
[5, 10, 13] -384.0
[5, 10, 14] -320.0
[5, 10, 15] -96.0
[5, 10, 16] -224.0
[5, 10, 17] -192.0
[5, 10, 18] -160.0
[5, 10, 19] -128.0
[5, 10, 20] -96.0
[5, 10, 21] -64.0
[5, 10, 22] -32.0
[5, 11, 12] -448.0
[5, 11, 13] -384.0
[5, 11, 14] -320.0
[5, 11, 15] -256.0
[5, 11, 16] -192.0
[5, 11, 18] -160.0
[5, 11, 19] -128.0
[5, 11, 20] -96.0
[5, 11, 21] -64.0
[5, 11, 22] -32.0
[5, 12, 13] -384.0
[5, 12, 14] -320.0
[5, 12, 15] -256.0
[5, 12, 16] -192.0
[5, 12, 17] -160.0
[5, 12, 18] -160.0
[5, 12, 20] -96.0
[5, 12, 21] -64.0
[5, 12, 22] -32.0
[5, 13, 14] -320.0
[5, 13, 15] -256.0
[5, 13, 16] -224.0
[5, 13, 17] -192.0
[5, 13, 18] -160.0
[5, 13, 19] -128.0
[5, 13, 20] -96.0
[5, 13, 22] -32.0
[5, 14, 15] -288.0
[5, 14, 16] -256.0
[5, 14, 17] -224.0
[5, 14, 18] -192.0
[5, 14, 19] -128.0
[5, 14, 20] -96.0
[5, 14, 21] -64.0
[5, 14, 22] -32.0
[5, 15, 16] -288.0
[5, 15, 17] -256.0
[5, 15, 18] -224.0
[5, 15, 19] -128.0
[5, 15, 20] -96.0
[5, 15, 21] -64.0
[5, 15, 22] -32.0
[5, 16, 17] -288.0
[5, 16, 18] -256.0
[5, 16, 19] -160.0
[5, 16, 20] -96.0
[5, 16, 21] -64.0
[5, 16, 22] -32.0
[5, 17, 18] -288.0
[5, 17, 19] -192.0
[5, 17, 20] -96.0
[5, 17, 21] -64.0
[5, 17, 22] -32.0
[5, 18, 19] -224.0
[5, 18, 20] -128.0
[5, 18, 21] -64.0
[5, 18, 22] -32.0
[5, 19, 20] -160.0
[5, 19, 21] -64.0
[5, 19, 22] -32.0
[5, 20, 21] -96.0
[5, 20, 22] -32.0
[5, 21, 22] -32.0
[6, 7, 8] -352.0
[6, 7, 9] -512.0
[6, 7, 10] -480.0
[6, 7, 11] -448.0
[6, 7, 12] -416.0
[6, 7, 13] -384.0
[6, 7, 14] -384.0
[6, 7, 15] -384.0
[6, 7, 16] -384.0
[6, 7, 17] -384.0
[6, 7, 18] -352.0
[6, 7, 19] -288.0
[6, 7, 20] -224.0
[6, 7, 21] -160.0
[6, 7, 22] -96.0
[6, 7, 23] -32.0
[6, 8, 9] -544.0
[6, 8, 10] -320.0
[6, 8, 11] -480.0
[6, 8, 12] -448.0
[6, 8, 13] -416.0
[6, 8, 14] -384.0
[6, 8, 15] -384.0
[6, 8, 16] -384.0
[6, 8, 17] -352.0
[6, 8, 18] -320.0
[6, 8, 19] -256.0
[6, 8, 20] -192.0
[6, 8, 21] -128.0
[6, 8, 22] -64.0
[6, 8, 23] -32.0
[6, 9, 10] -544.0
[6, 9, 11] -512.0
[6, 9, 12] -288.0
[6, 9, 13] -448.0
[6, 9, 14] -416.0
[6, 9, 15] -384.0
[6, 9, 16] -352.0
[6, 9, 17] -320.0
[6, 9, 18] -288.0
[6, 9, 19] -224.0
[6, 9, 20] -160.0
[6, 9, 21] -96.0
[6, 9, 22] -64.0
[6, 9, 23] -32.0
[6, 10, 11] -544.0
[6, 10, 12] -512.0
[6, 10, 13] -480.0
[6, 10, 14] -256.0
[6, 10, 15] -384.0
[6, 10, 16] -320.0
[6, 10, 17] -288.0
[6, 10, 18] -256.0
[6, 10, 19] -192.0
[6, 10, 20] -128.0
[6, 10, 21] -96.0
[6, 10, 22] -64.0
[6, 10, 23] -32.0
[6, 11, 12] -544.0
[6, 11, 13] -512.0
[6, 11, 14] -448.0
[6, 11, 15] -384.0
[6, 11, 16] -128.0
[6, 11, 17] -256.0
[6, 11, 18] -224.0
[6, 11, 19] -160.0
[6, 11, 20] -128.0
[6, 11, 21] -96.0
[6, 11, 22] -64.0
[6, 11, 23] -32.0
[6, 12, 13] -512.0
[6, 12, 14] -448.0
[6, 12, 15] -384.0
[6, 12, 16] -320.0
[6, 12, 17] -256.0
[6, 12, 19] -160.0
[6, 12, 20] -128.0
[6, 12, 21] -96.0
[6, 12, 22] -64.0
[6, 12, 23] -32.0
[6, 13, 14] -448.0
[6, 13, 15] -384.0
[6, 13, 16] -320.0
[6, 13, 17] -256.0
[6, 13, 18] -224.0
[6, 13, 19] -160.0
[6, 13, 21] -96.0
[6, 13, 22] -64.0
[6, 13, 23] -32.0
[6, 14, 15] -384.0
[6, 14, 16] -320.0
[6, 14, 17] -288.0
[6, 14, 18] -256.0
[6, 14, 19] -160.0
[6, 14, 20] -128.0
[6, 14, 21] -96.0
[6, 14, 23] -32.0
[6, 15, 16] -352.0
[6, 15, 17] -320.0
[6, 15, 18] -288.0
[6, 15, 19] -192.0
[6, 15, 20] -128.0
[6, 15, 21] -96.0
[6, 15, 22] -64.0
[6, 15, 23] -32.0
[6, 16, 17] -352.0
[6, 16, 18] -320.0
[6, 16, 19] -224.0
[6, 16, 20] -128.0
[6, 16, 21] -96.0
[6, 16, 22] -64.0
[6, 16, 23] -32.0
[6, 17, 18] -352.0
[6, 17, 19] -256.0
[6, 17, 20] -160.0
[6, 17, 21] -96.0
[6, 17, 22] -64.0
[6, 17, 23] -32.0
[6, 18, 19] -288.0
[6, 18, 20] -192.0
[6, 18, 21] -96.0
[6, 18, 22] -64.0
[6, 18, 23] -32.0
[6, 19, 20] -224.0
[6, 19, 21] -128.0
[6, 19, 22] -64.0
[6, 19, 23] -32.0
[6, 20, 21] -160.0
[6, 20, 22] -64.0
[6, 20, 23] -32.0
[6, 21, 22] -96.0
[6, 21, 23] -32.0
[6, 22, 23] -32.0
[7, 8, 9] -416.0
[7, 8, 10] -608.0
[7, 8, 11] -576.0
[7, 8, 12] -544.0
[7, 8, 13] -512.0
[7, 8, 14] -480.0
[7, 8, 15] -448.0
[7, 8, 16] -448.0
[7, 8, 17] -448.0
[7, 8, 18] -416.0
[7, 8, 19] -352.0
[7, 8, 20] -288.0
[7, 8, 21] -224.0
[7, 8, 22] -160.0
[7, 8, 23] -96.0
[7, 8, 24] -32.0
[7, 9, 10] -640.0
[7, 9, 11] -384.0
[7, 9, 12] -576.0
[7, 9, 13] -544.0
[7, 9, 14] -512.0
[7, 9, 15] -480.0
[7, 9, 16] -448.0
[7, 9, 17] -416.0
[7, 9, 18] -384.0
[7, 9, 19] -320.0
[7, 9, 20] -256.0
[7, 9, 21] -192.0
[7, 9, 22] -128.0
[7, 9, 23] -64.0
[7, 9, 24] -32.0
[7, 10, 11] -640.0
[7, 10, 12] -608.0
[7, 10, 13] -352.0
[7, 10, 14] -544.0
[7, 10, 15] -512.0
[7, 10, 16] -448.0
[7, 10, 17] -384.0
[7, 10, 18] -352.0
[7, 10, 19] -288.0
[7, 10, 20] -224.0
[7, 10, 21] -160.0
[7, 10, 22] -96.0
[7, 10, 23] -64.0
[7, 10, 24] -32.0
[7, 11, 12] -640.0
[7, 11, 13] -608.0
[7, 11, 14] -576.0
[7, 11, 15] -288.0
[7, 11, 16] -448.0
[7, 11, 17] -384.0
[7, 11, 18] -320.0
[7, 11, 19] -256.0
[7, 11, 20] -192.0
[7, 11, 21] -128.0
[7, 11, 22] -96.0
[7, 11, 23] -64.0
[7, 11, 24] -32.0
[7, 12, 13] -640.0
[7, 12, 14] -576.0
[7, 12, 15] -512.0
[7, 12, 16] -448.0
[7, 12, 17] -160.0
[7, 12, 18] -320.0
[7, 12, 19] -224.0
[7, 12, 20] -160.0
[7, 12, 21] -128.0
[7, 12, 22] -96.0
[7, 12, 23] -64.0
[7, 12, 24] -32.0
[7, 13, 14] -576.0
[7, 13, 15] -512.0
[7, 13, 16] -448.0
[7, 13, 17] -384.0
[7, 13, 18] -320.0
[7, 13, 20] -160.0
[7, 13, 21] -128.0
[7, 13, 22] -96.0
[7, 13, 23] -64.0
[7, 13, 24] -32.0
[7, 14, 15] -512.0
[7, 14, 16] -448.0
[7, 14, 17] -384.0
[7, 14, 18] -320.0
[7, 14, 19] -224.0
[7, 14, 20] -160.0
[7, 14, 22] -96.0
[7, 14, 23] -64.0
[7, 14, 24] -32.0
[7, 15, 16] -448.0
[7, 15, 17] -384.0
[7, 15, 18] -352.0
[7, 15, 19] -256.0
[7, 15, 20] -160.0
[7, 15, 21] -128.0
[7, 15, 22] -96.0
[7, 15, 24] -32.0
[7, 16, 17] -416.0
[7, 16, 18] -384.0
[7, 16, 19] -288.0
[7, 16, 20] -192.0
[7, 16, 21] -128.0
[7, 16, 22] -96.0
[7, 16, 23] -64.0
[7, 16, 24] -32.0
[7, 17, 18] -416.0
[7, 17, 19] -320.0
[7, 17, 20] -224.0
[7, 17, 21] -128.0
[7, 17, 22] -96.0
[7, 17, 23] -64.0
[7, 17, 24] -32.0
[7, 18, 19] -352.0
[7, 18, 20] -256.0
[7, 18, 21] -160.0
[7, 18, 22] -96.0
[7, 18, 23] -64.0
[7, 18, 24] -32.0
[7, 19, 20] -288.0
[7, 19, 21] -192.0
[7, 19, 22] -96.0
[7, 19, 23] -64.0
[7, 19, 24] -32.0
[7, 20, 21] -224.0
[7, 20, 22] -128.0
[7, 20, 23] -64.0
[7, 20, 24] -32.0
[7, 21, 22] -160.0
[7, 21, 23] -64.0
[7, 21, 24] -32.0
[7, 22, 23] -96.0
[7, 22, 24] -32.0
[7, 23, 24] -32.0
[8, 9, 10] -480.0
[8, 9, 11] -704.0
[8, 9, 12] -672.0
[8, 9, 13] -640.0
[8, 9, 14] -608.0
[8, 9, 15] -576.0
[8, 9, 16] -544.0
[8, 9, 17] -512.0
[8, 9, 18] -480.0
[8, 9, 19] -416.0
[8, 9, 20] -352.0
[8, 9, 21] -288.0
[8, 9, 22] -224.0
[8, 9, 23] -160.0
[8, 9, 24] -96.0
[8, 9, 25] -32.0
[8, 10, 11] -736.0
[8, 10, 12] -448.0
[8, 10, 13] -672.0
[8, 10, 14] -640.0
[8, 10, 15] -608.0
[8, 10, 16] -576.0
[8, 10, 17] -512.0
[8, 10, 18] -448.0
[8, 10, 19] -384.0
[8, 10, 20] -320.0
[8, 10, 21] -256.0
[8, 10, 22] -192.0
[8, 10, 23] -128.0
[8, 10, 24] -64.0
[8, 10, 25] -32.0
[8, 11, 12] -736.0
[8, 11, 13] -704.0
[8, 11, 14] -416.0
[8, 11, 15] -640.0
[8, 11, 16] -576.0
[8, 11, 17] -512.0
[8, 11, 18] -448.0
[8, 11, 19] -352.0
[8, 11, 20] -288.0
[8, 11, 21] -224.0
[8, 11, 22] -160.0
[8, 11, 23] -96.0
[8, 11, 24] -64.0
[8, 11, 25] -32.0
[8, 12, 13] -736.0
[8, 12, 14] -704.0
[8, 12, 15] -640.0
[8, 12, 16] -320.0
[8, 12, 17] -512.0
[8, 12, 18] -448.0
[8, 12, 19] -320.0
[8, 12, 20] -256.0
[8, 12, 21] -192.0
[8, 12, 22] -128.0
[8, 12, 23] -96.0
[8, 12, 24] -64.0
[8, 12, 25] -32.0
[8, 13, 14] -704.0
[8, 13, 15] -640.0
[8, 13, 16] -576.0
[8, 13, 17] -512.0
[8, 13, 18] -192.0
[8, 13, 19] -320.0
[8, 13, 20] -224.0
[8, 13, 21] -160.0
[8, 13, 22] -128.0
[8, 13, 23] -96.0
[8, 13, 24] -64.0
[8, 13, 25] -32.0
[8, 14, 15] -640.0
[8, 14, 16] -576.0
[8, 14, 17] -512.0
[8, 14, 18] -448.0
[8, 14, 19] -320.0
[8, 14, 21] -160.0
[8, 14, 22] -128.0
[8, 14, 23] -96.0
[8, 14, 24] -64.0
[8, 14, 25] -32.0
[8, 15, 16] -576.0
[8, 15, 17] -512.0
[8, 15, 18] -448.0
[8, 15, 19] -320.0
[8, 15, 20] -224.0
[8, 15, 21] -160.0
[8, 15, 23] -96.0
[8, 15, 24] -64.0
[8, 15, 25] -32.0
[8, 16, 17] -512.0
[8, 16, 18] -448.0
[8, 16, 19] -352.0
[8, 16, 20] -256.0
[8, 16, 21] -160.0
[8, 16, 22] -128.0
[8, 16, 23] -96.0
[8, 16, 25] -32.0
[8, 17, 18] -480.0
[8, 17, 19] -384.0
[8, 17, 20] -288.0
[8, 17, 21] -192.0
[8, 17, 22] -128.0
[8, 17, 23] -96.0
[8, 17, 24] -64.0
[8, 17, 25] -32.0
[8, 18, 19] -416.0
[8, 18, 20] -320.0
[8, 18, 21] -224.0
[8, 18, 22] -128.0
[8, 18, 23] -96.0
[8, 18, 24] -64.0
[8, 18, 25] -32.0
[8, 19, 20] -352.0
[8, 19, 21] -256.0
[8, 19, 22] -160.0
[8, 19, 23] -96.0
[8, 19, 24] -64.0
[8, 19, 25] -32.0
[8, 20, 21] -288.0
[8, 20, 22] -192.0
[8, 20, 23] -96.0
[8, 20, 24] -64.0
[8, 20, 25] -32.0
[8, 21, 22] -224.0
[8, 21, 23] -128.0
[8, 21, 24] -64.0
[8, 21, 25] -32.0
[8, 22, 23] -160.0
[8, 22, 24] -64.0
[8, 22, 25] -32.0
[8, 23, 24] -96.0
[8, 23, 25] -32.0
[8, 24, 25] -32.0
[9, 10, 11] -544.0
[9, 10, 12] -800.0
[9, 10, 13] -768.0
[9, 10, 14] -736.0
[9, 10, 15] -704.0
[9, 10, 16] -672.0
[9, 10, 17] -640.0
[9, 10, 18] -576.0
[9, 10, 19] -480.0
[9, 10, 20] -416.0
[9, 10, 21] -352.0
[9, 10, 22] -288.0
[9, 10, 23] -224.0
[9, 10, 24] -160.0
[9, 10, 25] -96.0
[9, 10, 26] -32.0
[9, 11, 12] -832.0
[9, 11, 13] -512.0
[9, 11, 14] -768.0
[9, 11, 15] -736.0
[9, 11, 16] -704.0
[9, 11, 17] -640.0
[9, 11, 18] -576.0
[9, 11, 19] -448.0
[9, 11, 20] -384.0
[9, 11, 21] -320.0
[9, 11, 22] -256.0
[9, 11, 23] -192.0
[9, 11, 24] -128.0
[9, 11, 25] -64.0
[9, 11, 26] -32.0
[9, 12, 13] -832.0
[9, 12, 14] -800.0
[9, 12, 15] -480.0
[9, 12, 16] -704.0
[9, 12, 17] -640.0
[9, 12, 18] -576.0
[9, 12, 19] -448.0
[9, 12, 20] -352.0
[9, 12, 21] -288.0
[9, 12, 22] -224.0
[9, 12, 23] -160.0
[9, 12, 24] -96.0
[9, 12, 25] -64.0
[9, 12, 26] -32.0
[9, 13, 14] -832.0
[9, 13, 15] -768.0
[9, 13, 16] -704.0
[9, 13, 17] -352.0
[9, 13, 18] -576.0
[9, 13, 19] -448.0
[9, 13, 20] -320.0
[9, 13, 21] -256.0
[9, 13, 22] -192.0
[9, 13, 23] -128.0
[9, 13, 24] -96.0
[9, 13, 25] -64.0
[9, 13, 26] -32.0
[9, 14, 15] -768.0
[9, 14, 16] -704.0
[9, 14, 17] -640.0
[9, 14, 18] -576.0
[9, 14, 19] -192.0
[9, 14, 20] -320.0
[9, 14, 21] -224.0
[9, 14, 22] -160.0
[9, 14, 23] -128.0
[9, 14, 24] -96.0
[9, 14, 25] -64.0
[9, 14, 26] -32.0
[9, 15, 16] -704.0
[9, 15, 17] -640.0
[9, 15, 18] -576.0
[9, 15, 19] -448.0
[9, 15, 20] -320.0
[9, 15, 22] -160.0
[9, 15, 23] -128.0
[9, 15, 24] -96.0
[9, 15, 25] -64.0
[9, 15, 26] -32.0
[9, 16, 17] -640.0
[9, 16, 18] -576.0
[9, 16, 19] -448.0
[9, 16, 20] -320.0
[9, 16, 21] -224.0
[9, 16, 22] -160.0
[9, 16, 24] -96.0
[9, 16, 25] -64.0
[9, 16, 26] -32.0
[9, 17, 18] -576.0
[9, 17, 19] -448.0
[9, 17, 20] -352.0
[9, 17, 21] -256.0
[9, 17, 22] -160.0
[9, 17, 23] -128.0
[9, 17, 24] -96.0
[9, 17, 26] -32.0
[9, 18, 19] -480.0
[9, 18, 20] -384.0
[9, 18, 21] -288.0
[9, 18, 22] -192.0
[9, 18, 23] -128.0
[9, 18, 24] -96.0
[9, 18, 25] -64.0
[9, 18, 26] -32.0
[9, 19, 20] -416.0
[9, 19, 21] -320.0
[9, 19, 22] -224.0
[9, 19, 23] -128.0
[9, 19, 24] -96.0
[9, 19, 25] -64.0
[9, 19, 26] -32.0
[9, 20, 21] -352.0
[9, 20, 22] -256.0
[9, 20, 23] -160.0
[9, 20, 24] -96.0
[9, 20, 25] -64.0
[9, 20, 26] -32.0
[9, 21, 22] -288.0
[9, 21, 23] -192.0
[9, 21, 24] -96.0
[9, 21, 25] -64.0
[9, 21, 26] -32.0
[9, 22, 23] -224.0
[9, 22, 24] -128.0
[9, 22, 25] -64.0
[9, 22, 26] -32.0
[9, 23, 24] -160.0
[9, 23, 25] -64.0
[9, 23, 26] -32.0
[9, 24, 25] -96.0
[9, 24, 26] -32.0
[9, 25, 26] -32.0
[10, 11, 12] -608.0
[10, 11, 13] -896.0
[10, 11, 14] -864.0
[10, 11, 15] -832.0
[10, 11, 16] -800.0
[10, 11, 17] -768.0
[10, 11, 18] -704.0
[10, 11, 19] -576.0
[10, 11, 20] -480.0
[10, 11, 21] -416.0
[10, 11, 22] -352.0
[10, 11, 23] -288.0
[10, 11, 24] -224.0
[10, 11, 25] -160.0
[10, 11, 26] -96.0
[10, 11, 27] -32.0
[10, 12, 13] -928.0
[10, 12, 14] -576.0
[10, 12, 15] -864.0
[10, 12, 16] -832.0
[10, 12, 17] -768.0
[10, 12, 18] -704.0
[10, 12, 19] -576.0
[10, 12, 20] -448.0
[10, 12, 21] -384.0
[10, 12, 22] -320.0
[10, 12, 23] -256.0
[10, 12, 24] -192.0
[10, 12, 25] -128.0
[10, 12, 26] -64.0
[10, 12, 27] -32.0
[10, 13, 14] -928.0
[10, 13, 15] -896.0
[10, 13, 16] -512.0
[10, 13, 17] -768.0
[10, 13, 18] -704.0
[10, 13, 19] -576.0
[10, 13, 20] -448.0
[10, 13, 21] -352.0
[10, 13, 22] -288.0
[10, 13, 23] -224.0
[10, 13, 24] -160.0
[10, 13, 25] -96.0
[10, 13, 26] -64.0
[10, 13, 27] -32.0
[10, 14, 15] -896.0
[10, 14, 16] -832.0
[10, 14, 17] -768.0
[10, 14, 18] -384.0
[10, 14, 19] -576.0
[10, 14, 20] -448.0
[10, 14, 21] -320.0
[10, 14, 22] -256.0
[10, 14, 23] -192.0
[10, 14, 24] -128.0
[10, 14, 25] -96.0
[10, 14, 26] -64.0
[10, 14, 27] -32.0
[10, 15, 16] -832.0
[10, 15, 17] -768.0
[10, 15, 18] -704.0
[10, 15, 19] -576.0
[10, 15, 20] -192.0
[10, 15, 21] -320.0
[10, 15, 22] -224.0
[10, 15, 23] -160.0
[10, 15, 24] -128.0
[10, 15, 25] -96.0
[10, 15, 26] -64.0
[10, 15, 27] -32.0
[10, 16, 17] -768.0
[10, 16, 18] -704.0
[10, 16, 19] -576.0
[10, 16, 20] -448.0
[10, 16, 21] -320.0
[10, 16, 23] -160.0
[10, 16, 24] -128.0
[10, 16, 25] -96.0
[10, 16, 26] -64.0
[10, 16, 27] -32.0
[10, 17, 18] -704.0
[10, 17, 19] -576.0
[10, 17, 20] -448.0
[10, 17, 21] -320.0
[10, 17, 22] -224.0
[10, 17, 23] -160.0
[10, 17, 25] -96.0
[10, 17, 26] -64.0
[10, 17, 27] -32.0
[10, 18, 19] -576.0
[10, 18, 20] -448.0
[10, 18, 21] -352.0
[10, 18, 22] -256.0
[10, 18, 23] -160.0
[10, 18, 24] -128.0
[10, 18, 25] -96.0
[10, 18, 27] -32.0
[10, 19, 20] -480.0
[10, 19, 21] -384.0
[10, 19, 22] -288.0
[10, 19, 23] -192.0
[10, 19, 24] -128.0
[10, 19, 25] -96.0
[10, 19, 26] -64.0
[10, 19, 27] -32.0
[10, 20, 21] -416.0
[10, 20, 22] -320.0
[10, 20, 23] -224.0
[10, 20, 24] -128.0
[10, 20, 25] -96.0
[10, 20, 26] -64.0
[10, 20, 27] -32.0
[10, 21, 22] -352.0
[10, 21, 23] -256.0
[10, 21, 24] -160.0
[10, 21, 25] -96.0
[10, 21, 26] -64.0
[10, 21, 27] -32.0
[10, 22, 23] -288.0
[10, 22, 24] -192.0
[10, 22, 25] -96.0
[10, 22, 26] -64.0
[10, 22, 27] -32.0
[10, 23, 24] -224.0
[10, 23, 25] -128.0
[10, 23, 26] -64.0
[10, 23, 27] -32.0
[10, 24, 25] -160.0
[10, 24, 26] -64.0
[10, 24, 27] -32.0
[10, 25, 26] -96.0
[10, 25, 27] -32.0
[10, 26, 27] -32.0
[11, 12, 13] -672.0
[11, 12, 14] -992.0
[11, 12, 15] -960.0
[11, 12, 16] -928.0
[11, 12, 17] -896.0
[11, 12, 18] -832.0
[11, 12, 19] -704.0
[11, 12, 20] -576.0
[11, 12, 21] -480.0
[11, 12, 22] -416.0
[11, 12, 23] -352.0
[11, 12, 24] -288.0
[11, 12, 25] -224.0
[11, 12, 26] -160.0
[11, 12, 27] -96.0
[11, 12, 28] -32.0
[11, 13, 14] -1024.0
[11, 13, 15] -640.0
[11, 13, 16] -960.0
[11, 13, 17] -896.0
[11, 13, 18] -832.0
[11, 13, 19] -704.0
[11, 13, 20] -576.0
[11, 13, 21] -448.0
[11, 13, 22] -384.0
[11, 13, 23] -320.0
[11, 13, 24] -256.0
[11, 13, 25] -192.0
[11, 13, 26] -128.0
[11, 13, 27] -64.0
[11, 13, 28] -32.0
[11, 14, 15] -1024.0
[11, 14, 16] -960.0
[11, 14, 17] -544.0
[11, 14, 18] -832.0
[11, 14, 19] -704.0
[11, 14, 20] -576.0
[11, 14, 21] -448.0
[11, 14, 22] -352.0
[11, 14, 23] -288.0
[11, 14, 24] -224.0
[11, 14, 25] -160.0
[11, 14, 26] -96.0
[11, 14, 27] -64.0
[11, 14, 28] -32.0
[11, 15, 16] -960.0
[11, 15, 17] -896.0
[11, 15, 18] -832.0
[11, 15, 19] -384.0
[11, 15, 20] -576.0
[11, 15, 21] -448.0
[11, 15, 22] -320.0
[11, 15, 23] -256.0
[11, 15, 24] -192.0
[11, 15, 25] -128.0
[11, 15, 26] -96.0
[11, 15, 27] -64.0
[11, 15, 28] -32.0
[11, 16, 17] -896.0
[11, 16, 18] -832.0
[11, 16, 19] -704.0
[11, 16, 20] -576.0
[11, 16, 21] -192.0
[11, 16, 22] -320.0
[11, 16, 23] -224.0
[11, 16, 24] -160.0
[11, 16, 25] -128.0
[11, 16, 26] -96.0
[11, 16, 27] -64.0
[11, 16, 28] -32.0
[11, 17, 18] -832.0
[11, 17, 19] -704.0
[11, 17, 20] -576.0
[11, 17, 21] -448.0
[11, 17, 22] -320.0
[11, 17, 24] -160.0
[11, 17, 25] -128.0
[11, 17, 26] -96.0
[11, 17, 27] -64.0
[11, 17, 28] -32.0
[11, 18, 19] -704.0
[11, 18, 20] -576.0
[11, 18, 21] -448.0
[11, 18, 22] -320.0
[11, 18, 23] -224.0
[11, 18, 24] -160.0
[11, 18, 26] -96.0
[11, 18, 27] -64.0
[11, 18, 28] -32.0
[11, 19, 20] -576.0
[11, 19, 21] -448.0
[11, 19, 22] -352.0
[11, 19, 23] -256.0
[11, 19, 24] -160.0
[11, 19, 25] -128.0
[11, 19, 26] -96.0
[11, 19, 28] -32.0
[11, 20, 21] -480.0
[11, 20, 22] -384.0
[11, 20, 23] -288.0
[11, 20, 24] -192.0
[11, 20, 25] -128.0
[11, 20, 26] -96.0
[11, 20, 27] -64.0
[11, 20, 28] -32.0
[11, 21, 22] -416.0
[11, 21, 23] -320.0
[11, 21, 24] -224.0
[11, 21, 25] -128.0
[11, 21, 26] -96.0
[11, 21, 27] -64.0
[11, 21, 28] -32.0
[11, 22, 23] -352.0
[11, 22, 24] -256.0
[11, 22, 25] -160.0
[11, 22, 26] -96.0
[11, 22, 27] -64.0
[11, 22, 28] -32.0
[11, 23, 24] -288.0
[11, 23, 25] -192.0
[11, 23, 26] -96.0
[11, 23, 27] -64.0
[11, 23, 28] -32.0
[11, 24, 25] -224.0
[11, 24, 26] -128.0
[11, 24, 27] -64.0
[11, 24, 28] -32.0
[11, 25, 26] -160.0
[11, 25, 27] -64.0
[11, 25, 28] -32.0
[11, 26, 27] -96.0
[11, 26, 28] -32.0
[11, 27, 28] -32.0
[12, 13, 14] -736.0
[12, 13, 15] -1088.0
[12, 13, 16] -1056.0
[12, 13, 17] -1024.0
[12, 13, 18] -960.0
[12, 13, 19] -832.0
[12, 13, 20] -704.0
[12, 13, 21] -576.0
[12, 13, 22] -480.0
[12, 13, 23] -416.0
[12, 13, 24] -352.0
[12, 13, 25] -288.0
[12, 13, 26] -224.0
[12, 13, 27] -160.0
[12, 13, 28] -96.0
[12, 13, 29] -32.0
[12, 14, 15] -1120.0
[12, 14, 16] -704.0
[12, 14, 17] -1024.0
[12, 14, 18] -960.0
[12, 14, 19] -832.0
[12, 14, 20] -704.0
[12, 14, 21] -576.0
[12, 14, 22] -448.0
[12, 14, 23] -384.0
[12, 14, 24] -320.0
[12, 14, 25] -256.0
[12, 14, 26] -192.0
[12, 14, 27] -128.0
[12, 14, 28] -64.0
[12, 14, 29] -32.0
[12, 15, 16] -1088.0
[12, 15, 17] -1024.0
[12, 15, 18] -576.0
[12, 15, 19] -832.0
[12, 15, 20] -704.0
[12, 15, 21] -576.0
[12, 15, 22] -448.0
[12, 15, 23] -352.0
[12, 15, 24] -288.0
[12, 15, 25] -224.0
[12, 15, 26] -160.0
[12, 15, 27] -96.0
[12, 15, 28] -64.0
[12, 15, 29] -32.0
[12, 16, 17] -1024.0
[12, 16, 18] -960.0
[12, 16, 19] -832.0
[12, 16, 20] -384.0
[12, 16, 21] -576.0
[12, 16, 22] -448.0
[12, 16, 23] -320.0
[12, 16, 24] -256.0
[12, 16, 25] -192.0
[12, 16, 26] -128.0
[12, 16, 27] -96.0
[12, 16, 28] -64.0
[12, 16, 29] -32.0
[12, 17, 18] -960.0
[12, 17, 19] -832.0
[12, 17, 20] -704.0
[12, 17, 21] -576.0
[12, 17, 22] -192.0
[12, 17, 23] -320.0
[12, 17, 24] -224.0
[12, 17, 25] -160.0
[12, 17, 26] -128.0
[12, 17, 27] -96.0
[12, 17, 28] -64.0
[12, 17, 29] -32.0
[12, 18, 19] -832.0
[12, 18, 20] -704.0
[12, 18, 21] -576.0
[12, 18, 22] -448.0
[12, 18, 23] -320.0
[12, 18, 25] -160.0
[12, 18, 26] -128.0
[12, 18, 27] -96.0
[12, 18, 28] -64.0
[12, 18, 29] -32.0
[12, 19, 20] -704.0
[12, 19, 21] -576.0
[12, 19, 22] -448.0
[12, 19, 23] -320.0
[12, 19, 24] -224.0
[12, 19, 25] -160.0
[12, 19, 27] -96.0
[12, 19, 28] -64.0
[12, 19, 29] -32.0
[12, 20, 21] -576.0
[12, 20, 22] -448.0
[12, 20, 23] -352.0
[12, 20, 24] -256.0
[12, 20, 25] -160.0
[12, 20, 26] -128.0
[12, 20, 27] -96.0
[12, 20, 29] -32.0
[12, 21, 22] -480.0
[12, 21, 23] -384.0
[12, 21, 24] -288.0
[12, 21, 25] -192.0
[12, 21, 26] -128.0
[12, 21, 27] -96.0
[12, 21, 28] -64.0
[12, 21, 29] -32.0
[12, 22, 23] -416.0
[12, 22, 24] -320.0
[12, 22, 25] -224.0
[12, 22, 26] -128.0
[12, 22, 27] -96.0
[12, 22, 28] -64.0
[12, 22, 29] -32.0
[12, 23, 24] -352.0
[12, 23, 25] -256.0
[12, 23, 26] -160.0
[12, 23, 27] -96.0
[12, 23, 28] -64.0
[12, 23, 29] -32.0
[12, 24, 25] -288.0
[12, 24, 26] -192.0
[12, 24, 27] -96.0
[12, 24, 28] -64.0
[12, 24, 29] -32.0
[12, 25, 26] -224.0
[12, 25, 27] -128.0
[12, 25, 28] -64.0
[12, 25, 29] -32.0
[12, 26, 27] -160.0
[12, 26, 28] -64.0
[12, 26, 29] -32.0
[12, 27, 28] -96.0
[12, 27, 29] -32.0
[12, 28, 29] -32.0
[13, 14, 15] -800.0
[13, 14, 16] -1184.0
[13, 14, 17] -1152.0
[13, 14, 18] -1088.0
[13, 14, 19] -960.0
[13, 14, 20] -832.0
[13, 14, 21] -704.0
[13, 14, 22] -576.0
[13, 14, 23] -480.0
[13, 14, 24] -416.0
[13, 14, 25] -352.0
[13, 14, 26] -288.0
[13, 14, 27] -224.0
[13, 14, 28] -160.0
[13, 14, 29] -96.0
[13, 14, 30] -32.0
[13, 15, 16] -1216.0
[13, 15, 17] -736.0
[13, 15, 18] -1088.0
[13, 15, 19] -960.0
[13, 15, 20] -832.0
[13, 15, 21] -704.0
[13, 15, 22] -576.0
[13, 15, 23] -448.0
[13, 15, 24] -384.0
[13, 15, 25] -320.0
[13, 15, 26] -256.0
[13, 15, 27] -192.0
[13, 15, 28] -128.0
[13, 15, 29] -64.0
[13, 15, 30] -32.0
[13, 16, 17] -1152.0
[13, 16, 18] -1088.0
[13, 16, 19] -576.0
[13, 16, 20] -832.0
[13, 16, 21] -704.0
[13, 16, 22] -576.0
[13, 16, 23] -448.0
[13, 16, 24] -352.0
[13, 16, 25] -288.0
[13, 16, 26] -224.0
[13, 16, 27] -160.0
[13, 16, 28] -96.0
[13, 16, 29] -64.0
[13, 16, 30] -32.0
[13, 17, 18] -1088.0
[13, 17, 19] -960.0
[13, 17, 20] -832.0
[13, 17, 21] -384.0
[13, 17, 22] -576.0
[13, 17, 23] -448.0
[13, 17, 24] -320.0
[13, 17, 25] -256.0
[13, 17, 26] -192.0
[13, 17, 27] -128.0
[13, 17, 28] -96.0
[13, 17, 29] -64.0
[13, 17, 30] -32.0
[13, 18, 19] -960.0
[13, 18, 20] -832.0
[13, 18, 21] -704.0
[13, 18, 22] -576.0
[13, 18, 23] -192.0
[13, 18, 24] -320.0
[13, 18, 25] -224.0
[13, 18, 26] -160.0
[13, 18, 27] -128.0
[13, 18, 28] -96.0
[13, 18, 29] -64.0
[13, 18, 30] -32.0
[13, 19, 20] -832.0
[13, 19, 21] -704.0
[13, 19, 22] -576.0
[13, 19, 23] -448.0
[13, 19, 24] -320.0
[13, 19, 26] -160.0
[13, 19, 27] -128.0
[13, 19, 28] -96.0
[13, 19, 29] -64.0
[13, 19, 30] -32.0
[13, 20, 21] -704.0
[13, 20, 22] -576.0
[13, 20, 23] -448.0
[13, 20, 24] -320.0
[13, 20, 25] -224.0
[13, 20, 26] -160.0
[13, 20, 28] -96.0
[13, 20, 29] -64.0
[13, 20, 30] -32.0
[13, 21, 22] -576.0
[13, 21, 23] -448.0
[13, 21, 24] -352.0
[13, 21, 25] -256.0
[13, 21, 26] -160.0
[13, 21, 27] -128.0
[13, 21, 28] -96.0
[13, 21, 30] -32.0
[13, 22, 23] -480.0
[13, 22, 24] -384.0
[13, 22, 25] -288.0
[13, 22, 26] -192.0
[13, 22, 27] -128.0
[13, 22, 28] -96.0
[13, 22, 29] -64.0
[13, 22, 30] -32.0
[13, 23, 24] -416.0
[13, 23, 25] -320.0
[13, 23, 26] -224.0
[13, 23, 27] -128.0
[13, 23, 28] -96.0
[13, 23, 29] -64.0
[13, 23, 30] -32.0
[13, 24, 25] -352.0
[13, 24, 26] -256.0
[13, 24, 27] -160.0
[13, 24, 28] -96.0
[13, 24, 29] -64.0
[13, 24, 30] -32.0
[13, 25, 26] -288.0
[13, 25, 27] -192.0
[13, 25, 28] -96.0
[13, 25, 29] -64.0
[13, 25, 30] -32.0
[13, 26, 27] -224.0
[13, 26, 28] -128.0
[13, 26, 29] -64.0
[13, 26, 30] -32.0
[13, 27, 28] -160.0
[13, 27, 29] -64.0
[13, 27, 30] -32.0
[13, 28, 29] -96.0
[13, 28, 30] -32.0
[13, 29, 30] -32.0
[14, 15, 16] -864.0
[14, 15, 17] -1280.0
[14, 15, 18] -1216.0
[14, 15, 19] -1088.0
[14, 15, 20] -960.0
[14, 15, 21] -832.0
[14, 15, 22] -704.0
[14, 15, 23] -576.0
[14, 15, 24] -480.0
[14, 15, 25] -416.0
[14, 15, 26] -352.0
[14, 15, 27] -288.0
[14, 15, 28] -224.0
[14, 15, 29] -160.0
[14, 15, 30] -96.0
[14, 15, 31] -32.0
[14, 16, 17] -1280.0
[14, 16, 18] -768.0
[14, 16, 19] -1088.0
[14, 16, 20] -960.0
[14, 16, 21] -832.0
[14, 16, 22] -704.0
[14, 16, 23] -576.0
[14, 16, 24] -448.0
[14, 16, 25] -384.0
[14, 16, 26] -320.0
[14, 16, 27] -256.0
[14, 16, 28] -192.0
[14, 16, 29] -128.0
[14, 16, 30] -64.0
[14, 16, 31] -32.0
[14, 17, 18] -1216.0
[14, 17, 19] -1088.0
[14, 17, 20] -576.0
[14, 17, 21] -832.0
[14, 17, 22] -704.0
[14, 17, 23] -576.0
[14, 17, 24] -448.0
[14, 17, 25] -352.0
[14, 17, 26] -288.0
[14, 17, 27] -224.0
[14, 17, 28] -160.0
[14, 17, 29] -96.0
[14, 17, 30] -64.0
[14, 17, 31] -32.0
[14, 18, 19] -1088.0
[14, 18, 20] -960.0
[14, 18, 21] -832.0
[14, 18, 22] -384.0
[14, 18, 23] -576.0
[14, 18, 24] -448.0
[14, 18, 25] -320.0
[14, 18, 26] -256.0
[14, 18, 27] -192.0
[14, 18, 28] -128.0
[14, 18, 29] -96.0
[14, 18, 30] -64.0
[14, 18, 31] -32.0
[14, 19, 20] -960.0
[14, 19, 21] -832.0
[14, 19, 22] -704.0
[14, 19, 23] -576.0
[14, 19, 24] -192.0
[14, 19, 25] -320.0
[14, 19, 26] -224.0
[14, 19, 27] -160.0
[14, 19, 28] -128.0
[14, 19, 29] -96.0
[14, 19, 30] -64.0
[14, 19, 31] -32.0
[14, 20, 21] -832.0
[14, 20, 22] -704.0
[14, 20, 23] -576.0
[14, 20, 24] -448.0
[14, 20, 25] -320.0
[14, 20, 27] -160.0
[14, 20, 28] -128.0
[14, 20, 29] -96.0
[14, 20, 30] -64.0
[14, 20, 31] -32.0
[14, 21, 22] -704.0
[14, 21, 23] -576.0
[14, 21, 24] -448.0
[14, 21, 25] -320.0
[14, 21, 26] -224.0
[14, 21, 27] -160.0
[14, 21, 29] -96.0
[14, 21, 30] -64.0
[14, 21, 31] -32.0
[14, 22, 23] -576.0
[14, 22, 24] -448.0
[14, 22, 25] -352.0
[14, 22, 26] -256.0
[14, 22, 27] -160.0
[14, 22, 28] -128.0
[14, 22, 29] -96.0
[14, 22, 31] -32.0
[14, 23, 24] -480.0
[14, 23, 25] -384.0
[14, 23, 26] -288.0
[14, 23, 27] -192.0
[14, 23, 28] -128.0
[14, 23, 29] -96.0
[14, 23, 30] -64.0
[14, 23, 31] -32.0
[14, 24, 25] -416.0
[14, 24, 26] -320.0
[14, 24, 27] -224.0
[14, 24, 28] -128.0
[14, 24, 29] -96.0
[14, 24, 30] -64.0
[14, 24, 31] -32.0
[14, 25, 26] -352.0
[14, 25, 27] -256.0
[14, 25, 28] -160.0
[14, 25, 29] -96.0
[14, 25, 30] -64.0
[14, 25, 31] -32.0
[14, 26, 27] -288.0
[14, 26, 28] -192.0
[14, 26, 29] -96.0
[14, 26, 30] -64.0
[14, 26, 31] -32.0
[14, 27, 28] -224.0
[14, 27, 29] -128.0
[14, 27, 30] -64.0
[14, 27, 31] -32.0
[14, 28, 29] -160.0
[14, 28, 30] -64.0
[14, 28, 31] -32.0
[14, 29, 30] -96.0
[14, 29, 31] -32.0
[14, 30, 31] -32.0
[15, 16, 17] -928.0
[15, 16, 18] -1344.0
[15, 16, 19] -1216.0
[15, 16, 20] -1088.0
[15, 16, 21] -960.0
[15, 16, 22] -832.0
[15, 16, 23] -704.0
[15, 16, 24] -576.0
[15, 16, 25] -480.0
[15, 16, 26] -416.0
[15, 16, 27] -352.0
[15, 16, 28] -288.0
[15, 16, 29] -224.0
[15, 16, 30] -160.0
[15, 16, 31] -96.0
[15, 16, 32] -32.0
[15, 17, 18] -1344.0
[15, 17, 19] -768.0
[15, 17, 20] -1088.0
[15, 17, 21] -960.0
[15, 17, 22] -832.0
[15, 17, 23] -704.0
[15, 17, 24] -576.0
[15, 17, 25] -448.0
[15, 17, 26] -384.0
[15, 17, 27] -320.0
[15, 17, 28] -256.0
[15, 17, 29] -192.0
[15, 17, 30] -128.0
[15, 17, 31] -64.0
[15, 17, 32] -32.0
[15, 18, 19] -1216.0
[15, 18, 20] -1088.0
[15, 18, 21] -576.0
[15, 18, 22] -832.0
[15, 18, 23] -704.0
[15, 18, 24] -576.0
[15, 18, 25] -448.0
[15, 18, 26] -352.0
[15, 18, 27] -288.0
[15, 18, 28] -224.0
[15, 18, 29] -160.0
[15, 18, 30] -96.0
[15, 18, 31] -64.0
[15, 18, 32] -32.0
[15, 19, 20] -1088.0
[15, 19, 21] -960.0
[15, 19, 22] -832.0
[15, 19, 23] -384.0
[15, 19, 24] -576.0
[15, 19, 25] -448.0
[15, 19, 26] -320.0
[15, 19, 27] -256.0
[15, 19, 28] -192.0
[15, 19, 29] -128.0
[15, 19, 30] -96.0
[15, 19, 31] -64.0
[15, 19, 32] -32.0
[15, 20, 21] -960.0
[15, 20, 22] -832.0
[15, 20, 23] -704.0
[15, 20, 24] -576.0
[15, 20, 25] -192.0
[15, 20, 26] -320.0
[15, 20, 27] -224.0
[15, 20, 28] -160.0
[15, 20, 29] -128.0
[15, 20, 30] -96.0
[15, 20, 31] -64.0
[15, 20, 32] -32.0
[15, 21, 22] -832.0
[15, 21, 23] -704.0
[15, 21, 24] -576.0
[15, 21, 25] -448.0
[15, 21, 26] -320.0
[15, 21, 28] -160.0
[15, 21, 29] -128.0
[15, 21, 30] -96.0
[15, 21, 31] -64.0
[15, 21, 32] -32.0
[15, 22, 23] -704.0
[15, 22, 24] -576.0
[15, 22, 25] -448.0
[15, 22, 26] -320.0
[15, 22, 27] -224.0
[15, 22, 28] -160.0
[15, 22, 30] -96.0
[15, 22, 31] -64.0
[15, 22, 32] -32.0
[15, 23, 24] -576.0
[15, 23, 25] -448.0
[15, 23, 26] -352.0
[15, 23, 27] -256.0
[15, 23, 28] -160.0
[15, 23, 29] -128.0
[15, 23, 30] -96.0
[15, 23, 32] -32.0
[15, 24, 25] -480.0
[15, 24, 26] -384.0
[15, 24, 27] -288.0
[15, 24, 28] -192.0
[15, 24, 29] -128.0
[15, 24, 30] -96.0
[15, 24, 31] -64.0
[15, 24, 32] -32.0
[15, 25, 26] -416.0
[15, 25, 27] -320.0
[15, 25, 28] -224.0
[15, 25, 29] -128.0
[15, 25, 30] -96.0
[15, 25, 31] -64.0
[15, 25, 32] -32.0
[15, 26, 27] -352.0
[15, 26, 28] -256.0
[15, 26, 29] -160.0
[15, 26, 30] -96.0
[15, 26, 31] -64.0
[15, 26, 32] -32.0
[15, 27, 28] -288.0
[15, 27, 29] -192.0
[15, 27, 30] -96.0
[15, 27, 31] -64.0
[15, 27, 32] -32.0
[15, 28, 29] -224.0
[15, 28, 30] -128.0
[15, 28, 31] -64.0
[15, 28, 32] -32.0
[15, 29, 30] -160.0
[15, 29, 31] -64.0
[15, 29, 32] -32.0
[15, 30, 31] -96.0
[15, 30, 32] -32.0
[15, 31, 32] -32.0
[16, 17, 18] -960.0
[16, 17, 19] -1344.0
[16, 17, 20] -1216.0
[16, 17, 21] -1088.0
[16, 17, 22] -960.0
[16, 17, 23] -832.0
[16, 17, 24] -704.0
[16, 17, 25] -576.0
[16, 17, 26] -480.0
[16, 17, 27] -416.0
[16, 17, 28] -352.0
[16, 17, 29] -288.0
[16, 17, 30] -224.0
[16, 17, 31] -160.0
[16, 17, 32] -96.0
[16, 17, 33] -32.0
[16, 18, 19] -1344.0
[16, 18, 20] -768.0
[16, 18, 21] -1088.0
[16, 18, 22] -960.0
[16, 18, 23] -832.0
[16, 18, 24] -704.0
[16, 18, 25] -576.0
[16, 18, 26] -448.0
[16, 18, 27] -384.0
[16, 18, 28] -320.0
[16, 18, 29] -256.0
[16, 18, 30] -192.0
[16, 18, 31] -128.0
[16, 18, 32] -64.0
[16, 18, 33] -32.0
[16, 19, 20] -1216.0
[16, 19, 21] -1088.0
[16, 19, 22] -576.0
[16, 19, 23] -832.0
[16, 19, 24] -704.0
[16, 19, 25] -576.0
[16, 19, 26] -448.0
[16, 19, 27] -352.0
[16, 19, 28] -288.0
[16, 19, 29] -224.0
[16, 19, 30] -160.0
[16, 19, 31] -96.0
[16, 19, 32] -64.0
[16, 19, 33] -32.0
[16, 20, 21] -1088.0
[16, 20, 22] -960.0
[16, 20, 23] -832.0
[16, 20, 24] -384.0
[16, 20, 25] -576.0
[16, 20, 26] -448.0
[16, 20, 27] -320.0
[16, 20, 28] -256.0
[16, 20, 29] -192.0
[16, 20, 30] -128.0
[16, 20, 31] -96.0
[16, 20, 32] -64.0
[16, 20, 33] -32.0
[16, 21, 22] -960.0
[16, 21, 23] -832.0
[16, 21, 24] -704.0
[16, 21, 25] -576.0
[16, 21, 26] -192.0
[16, 21, 27] -320.0
[16, 21, 28] -224.0
[16, 21, 29] -160.0
[16, 21, 30] -128.0
[16, 21, 31] -96.0
[16, 21, 32] -64.0
[16, 21, 33] -32.0
[16, 22, 23] -832.0
[16, 22, 24] -704.0
[16, 22, 25] -576.0
[16, 22, 26] -448.0
[16, 22, 27] -320.0
[16, 22, 29] -160.0
[16, 22, 30] -128.0
[16, 22, 31] -96.0
[16, 22, 32] -64.0
[16, 22, 33] -32.0
[16, 23, 24] -704.0
[16, 23, 25] -576.0
[16, 23, 26] -448.0
[16, 23, 27] -320.0
[16, 23, 28] -224.0
[16, 23, 29] -160.0
[16, 23, 31] -96.0
[16, 23, 32] -64.0
[16, 23, 33] -32.0
[16, 24, 25] -576.0
[16, 24, 26] -448.0
[16, 24, 27] -352.0
[16, 24, 28] -256.0
[16, 24, 29] -160.0
[16, 24, 30] -128.0
[16, 24, 31] -96.0
[16, 24, 33] -32.0
[16, 25, 26] -480.0
[16, 25, 27] -384.0
[16, 25, 28] -288.0
[16, 25, 29] -192.0
[16, 25, 30] -128.0
[16, 25, 31] -96.0
[16, 25, 32] -64.0
[16, 25, 33] -32.0
[16, 26, 27] -416.0
[16, 26, 28] -320.0
[16, 26, 29] -224.0
[16, 26, 30] -128.0
[16, 26, 31] -96.0
[16, 26, 32] -64.0
[16, 26, 33] -32.0
[16, 27, 28] -352.0
[16, 27, 29] -256.0
[16, 27, 30] -160.0
[16, 27, 31] -96.0
[16, 27, 32] -64.0
[16, 27, 33] -32.0
[16, 28, 29] -288.0
[16, 28, 30] -192.0
[16, 28, 31] -96.0
[16, 28, 32] -64.0
[16, 28, 33] -32.0
[16, 29, 30] -224.0
[16, 29, 31] -128.0
[16, 29, 32] -64.0
[16, 29, 33] -32.0
[16, 30, 31] -160.0
[16, 30, 32] -64.0
[16, 30, 33] -32.0
[16, 31, 32] -96.0
[16, 31, 33] -32.0
[16, 32, 33] -32.0
[17, 18, 19] -960.0
[17, 18, 20] -1344.0
[17, 18, 21] -1216.0
[17, 18, 22] -1088.0
[17, 18, 23] -960.0
[17, 18, 24] -832.0
[17, 18, 25] -704.0
[17, 18, 26] -576.0
[17, 18, 27] -480.0
[17, 18, 28] -416.0
[17, 18, 29] -352.0
[17, 18, 30] -288.0
[17, 18, 31] -224.0
[17, 18, 32] -160.0
[17, 18, 33] -96.0
[17, 18, 34] -32.0
[17, 19, 20] -1344.0
[17, 19, 21] -768.0
[17, 19, 22] -1088.0
[17, 19, 23] -960.0
[17, 19, 24] -832.0
[17, 19, 25] -704.0
[17, 19, 26] -576.0
[17, 19, 27] -448.0
[17, 19, 28] -384.0
[17, 19, 29] -320.0
[17, 19, 30] -256.0
[17, 19, 31] -192.0
[17, 19, 32] -128.0
[17, 19, 33] -64.0
[17, 19, 34] -32.0
[17, 20, 21] -1216.0
[17, 20, 22] -1088.0
[17, 20, 23] -576.0
[17, 20, 24] -832.0
[17, 20, 25] -704.0
[17, 20, 26] -576.0
[17, 20, 27] -448.0
[17, 20, 28] -352.0
[17, 20, 29] -288.0
[17, 20, 30] -224.0
[17, 20, 31] -160.0
[17, 20, 32] -96.0
[17, 20, 33] -64.0
[17, 20, 34] -32.0
[17, 21, 22] -1088.0
[17, 21, 23] -960.0
[17, 21, 24] -832.0
[17, 21, 25] -384.0
[17, 21, 26] -576.0
[17, 21, 27] -448.0
[17, 21, 28] -320.0
[17, 21, 29] -256.0
[17, 21, 30] -192.0
[17, 21, 31] -128.0
[17, 21, 32] -96.0
[17, 21, 33] -64.0
[17, 21, 34] -32.0
[17, 22, 23] -960.0
[17, 22, 24] -832.0
[17, 22, 25] -704.0
[17, 22, 26] -576.0
[17, 22, 27] -192.0
[17, 22, 28] -320.0
[17, 22, 29] -224.0
[17, 22, 30] -160.0
[17, 22, 31] -128.0
[17, 22, 32] -96.0
[17, 22, 33] -64.0
[17, 22, 34] -32.0
[17, 23, 24] -832.0
[17, 23, 25] -704.0
[17, 23, 26] -576.0
[17, 23, 27] -448.0
[17, 23, 28] -320.0
[17, 23, 30] -160.0
[17, 23, 31] -128.0
[17, 23, 32] -96.0
[17, 23, 33] -64.0
[17, 23, 34] -32.0
[17, 24, 25] -704.0
[17, 24, 26] -576.0
[17, 24, 27] -448.0
[17, 24, 28] -320.0
[17, 24, 29] -224.0
[17, 24, 30] -160.0
[17, 24, 32] -96.0
[17, 24, 33] -64.0
[17, 24, 34] -32.0
[17, 25, 26] -576.0
[17, 25, 27] -448.0
[17, 25, 28] -352.0
[17, 25, 29] -256.0
[17, 25, 30] -160.0
[17, 25, 31] -128.0
[17, 25, 32] -96.0
[17, 25, 34] -32.0
[17, 26, 27] -480.0
[17, 26, 28] -384.0
[17, 26, 29] -288.0
[17, 26, 30] -192.0
[17, 26, 31] -128.0
[17, 26, 32] -96.0
[17, 26, 33] -64.0
[17, 26, 34] -32.0
[17, 27, 28] -416.0
[17, 27, 29] -320.0
[17, 27, 30] -224.0
[17, 27, 31] -128.0
[17, 27, 32] -96.0
[17, 27, 33] -64.0
[17, 27, 34] -32.0
[17, 28, 29] -352.0
[17, 28, 30] -256.0
[17, 28, 31] -160.0
[17, 28, 32] -96.0
[17, 28, 33] -64.0
[17, 28, 34] -32.0
[17, 29, 30] -288.0
[17, 29, 31] -192.0
[17, 29, 32] -96.0
[17, 29, 33] -64.0
[17, 29, 34] -32.0
[17, 30, 31] -224.0
[17, 30, 32] -128.0
[17, 30, 33] -64.0
[17, 30, 34] -32.0
[17, 31, 32] -160.0
[17, 31, 33] -64.0
[17, 31, 34] -32.0
[17, 32, 33] -96.0
[17, 32, 34] -32.0
[17, 33, 34] -32.0
[18, 19, 20] -960.0
[18, 19, 21] -1344.0
[18, 19, 22] -1216.0
[18, 19, 23] -1088.0
[18, 19, 24] -960.0
[18, 19, 25] -832.0
[18, 19, 26] -704.0
[18, 19, 27] -576.0
[18, 19, 28] -480.0
[18, 19, 29] -416.0
[18, 19, 30] -352.0
[18, 19, 31] -288.0
[18, 19, 32] -224.0
[18, 19, 33] -160.0
[18, 19, 34] -96.0
[18, 19, 35] -32.0
[18, 20, 21] -1344.0
[18, 20, 22] -768.0
[18, 20, 23] -1088.0
[18, 20, 24] -960.0
[18, 20, 25] -832.0
[18, 20, 26] -704.0
[18, 20, 27] -576.0
[18, 20, 28] -448.0
[18, 20, 29] -384.0
[18, 20, 30] -320.0
[18, 20, 31] -256.0
[18, 20, 32] -192.0
[18, 20, 33] -128.0
[18, 20, 34] -64.0
[18, 20, 35] -32.0
[18, 21, 22] -1216.0
[18, 21, 23] -1088.0
[18, 21, 24] -576.0
[18, 21, 25] -832.0
[18, 21, 26] -704.0
[18, 21, 27] -576.0
[18, 21, 28] -448.0
[18, 21, 29] -352.0
[18, 21, 30] -288.0
[18, 21, 31] -224.0
[18, 21, 32] -160.0
[18, 21, 33] -96.0
[18, 21, 34] -64.0
[18, 21, 35] -32.0
[18, 22, 23] -1088.0
[18, 22, 24] -960.0
[18, 22, 25] -832.0
[18, 22, 26] -384.0
[18, 22, 27] -576.0
[18, 22, 28] -448.0
[18, 22, 29] -320.0
[18, 22, 30] -256.0
[18, 22, 31] -192.0
[18, 22, 32] -128.0
[18, 22, 33] -96.0
[18, 22, 34] -64.0
[18, 22, 35] -32.0
[18, 23, 24] -960.0
[18, 23, 25] -832.0
[18, 23, 26] -704.0
[18, 23, 27] -576.0
[18, 23, 28] -192.0
[18, 23, 29] -320.0
[18, 23, 30] -224.0
[18, 23, 31] -160.0
[18, 23, 32] -128.0
[18, 23, 33] -96.0
[18, 23, 34] -64.0
[18, 23, 35] -32.0
[18, 24, 25] -832.0
[18, 24, 26] -704.0
[18, 24, 27] -576.0
[18, 24, 28] -448.0
[18, 24, 29] -320.0
[18, 24, 31] -160.0
[18, 24, 32] -128.0
[18, 24, 33] -96.0
[18, 24, 34] -64.0
[18, 24, 35] -32.0
[18, 25, 26] -704.0
[18, 25, 27] -576.0
[18, 25, 28] -448.0
[18, 25, 29] -320.0
[18, 25, 30] -224.0
[18, 25, 31] -160.0
[18, 25, 33] -96.0
[18, 25, 34] -64.0
[18, 25, 35] -32.0
[18, 26, 27] -576.0
[18, 26, 28] -448.0
[18, 26, 29] -352.0
[18, 26, 30] -256.0
[18, 26, 31] -160.0
[18, 26, 32] -128.0
[18, 26, 33] -96.0
[18, 26, 35] -32.0
[18, 27, 28] -480.0
[18, 27, 29] -384.0
[18, 27, 30] -288.0
[18, 27, 31] -192.0
[18, 27, 32] -128.0
[18, 27, 33] -96.0
[18, 27, 34] -64.0
[18, 27, 35] -32.0
[18, 28, 29] -416.0
[18, 28, 30] -320.0
[18, 28, 31] -224.0
[18, 28, 32] -128.0
[18, 28, 33] -96.0
[18, 28, 34] -64.0
[18, 28, 35] -32.0
[18, 29, 30] -352.0
[18, 29, 31] -256.0
[18, 29, 32] -160.0
[18, 29, 33] -96.0
[18, 29, 34] -64.0
[18, 29, 35] -32.0
[18, 30, 31] -288.0
[18, 30, 32] -192.0
[18, 30, 33] -96.0
[18, 30, 34] -64.0
[18, 30, 35] -32.0
[18, 31, 32] -224.0
[18, 31, 33] -128.0
[18, 31, 34] -64.0
[18, 31, 35] -32.0
[18, 32, 33] -160.0
[18, 32, 34] -64.0
[18, 32, 35] -32.0
[18, 33, 34] -96.0
[18, 33, 35] -32.0
[18, 34, 35] -32.0
[19, 20, 21] -928.0
[19, 20, 22] -1280.0
[19, 20, 23] -1152.0
[19, 20, 24] -1024.0
[19, 20, 25] -896.0
[19, 20, 26] -768.0
[19, 20, 27] -640.0
[19, 20, 28] -512.0
[19, 20, 29] -416.0
[19, 20, 30] -352.0
[19, 20, 31] -288.0
[19, 20, 32] -224.0
[19, 20, 33] -160.0
[19, 20, 34] -96.0
[19, 20, 35] -32.0
[19, 21, 22] -1280.0
[19, 21, 23] -736.0
[19, 21, 24] -1024.0
[19, 21, 25] -896.0
[19, 21, 26] -768.0
[19, 21, 27] -640.0
[19, 21, 28] -512.0
[19, 21, 29] -384.0
[19, 21, 30] -320.0
[19, 21, 31] -256.0
[19, 21, 32] -192.0
[19, 21, 33] -128.0
[19, 21, 34] -64.0
[19, 21, 35] -32.0
[19, 22, 23] -1152.0
[19, 22, 24] -1024.0
[19, 22, 25] -544.0
[19, 22, 26] -768.0
[19, 22, 27] -640.0
[19, 22, 28] -512.0
[19, 22, 29] -384.0
[19, 22, 30] -288.0
[19, 22, 31] -224.0
[19, 22, 32] -160.0
[19, 22, 33] -96.0
[19, 22, 34] -64.0
[19, 22, 35] -32.0
[19, 23, 24] -1024.0
[19, 23, 25] -896.0
[19, 23, 26] -768.0
[19, 23, 27] -352.0
[19, 23, 28] -512.0
[19, 23, 29] -384.0
[19, 23, 30] -256.0
[19, 23, 31] -192.0
[19, 23, 32] -128.0
[19, 23, 33] -96.0
[19, 23, 34] -64.0
[19, 23, 35] -32.0
[19, 24, 25] -896.0
[19, 24, 26] -768.0
[19, 24, 27] -640.0
[19, 24, 28] -512.0
[19, 24, 29] -160.0
[19, 24, 30] -256.0
[19, 24, 31] -160.0
[19, 24, 32] -128.0
[19, 24, 33] -96.0
[19, 24, 34] -64.0
[19, 24, 35] -32.0
[19, 25, 26] -768.0
[19, 25, 27] -640.0
[19, 25, 28] -512.0
[19, 25, 29] -384.0
[19, 25, 30] -256.0
[19, 25, 32] -128.0
[19, 25, 33] -96.0
[19, 25, 34] -64.0
[19, 25, 35] -32.0
[19, 26, 27] -640.0
[19, 26, 28] -512.0
[19, 26, 29] -384.0
[19, 26, 30] -288.0
[19, 26, 31] -192.0
[19, 26, 32] -128.0
[19, 26, 34] -64.0
[19, 26, 35] -32.0
[19, 27, 28] -512.0
[19, 27, 29] -416.0
[19, 27, 30] -320.0
[19, 27, 31] -224.0
[19, 27, 32] -128.0
[19, 27, 33] -96.0
[19, 27, 34] -64.0
[19, 28, 29] -448.0
[19, 28, 30] -352.0
[19, 28, 31] -256.0
[19, 28, 32] -160.0
[19, 28, 33] -96.0
[19, 28, 34] -64.0
[19, 28, 35] -32.0
[19, 29, 30] -384.0
[19, 29, 31] -288.0
[19, 29, 32] -192.0
[19, 29, 33] -96.0
[19, 29, 34] -64.0
[19, 29, 35] -32.0
[19, 30, 31] -320.0
[19, 30, 32] -224.0
[19, 30, 33] -128.0
[19, 30, 34] -64.0
[19, 30, 35] -32.0
[19, 31, 32] -256.0
[19, 31, 33] -160.0
[19, 31, 34] -64.0
[19, 31, 35] -32.0
[19, 32, 33] -192.0
[19, 32, 34] -96.0
[19, 32, 35] -32.0
[19, 33, 34] -128.0
[19, 33, 35] -32.0
[19, 34, 35] -64.0
[20, 21, 22] -864.0
[20, 21, 23] -1216.0
[20, 21, 24] -1088.0
[20, 21, 25] -960.0
[20, 21, 26] -832.0
[20, 21, 27] -704.0
[20, 21, 28] -576.0
[20, 21, 29] -448.0
[20, 21, 30] -352.0
[20, 21, 31] -288.0
[20, 21, 32] -224.0
[20, 21, 33] -160.0
[20, 21, 34] -96.0
[20, 21, 35] -32.0
[20, 22, 23] -1184.0
[20, 22, 24] -704.0
[20, 22, 25] -960.0
[20, 22, 26] -832.0
[20, 22, 27] -704.0
[20, 22, 28] -576.0
[20, 22, 29] -448.0
[20, 22, 30] -320.0
[20, 22, 31] -256.0
[20, 22, 32] -192.0
[20, 22, 33] -128.0
[20, 22, 34] -64.0
[20, 22, 35] -32.0
[20, 23, 24] -1056.0
[20, 23, 25] -960.0
[20, 23, 26] -512.0
[20, 23, 27] -704.0
[20, 23, 28] -576.0
[20, 23, 29] -448.0
[20, 23, 30] -320.0
[20, 23, 31] -224.0
[20, 23, 32] -160.0
[20, 23, 33] -96.0
[20, 23, 34] -64.0
[20, 23, 35] -32.0
[20, 24, 25] -928.0
[20, 24, 26] -832.0
[20, 24, 27] -704.0
[20, 24, 28] -320.0
[20, 24, 29] -448.0
[20, 24, 30] -320.0
[20, 24, 31] -192.0
[20, 24, 32] -128.0
[20, 24, 33] -96.0
[20, 24, 34] -64.0
[20, 24, 35] -32.0
[20, 25, 26] -800.0
[20, 25, 27] -704.0
[20, 25, 28] -576.0
[20, 25, 29] -448.0
[20, 25, 30] -128.0
[20, 25, 31] -192.0
[20, 25, 32] -128.0
[20, 25, 33] -96.0
[20, 25, 34] -64.0
[20, 25, 35] -32.0
[20, 26, 27] -672.0
[20, 26, 28] -576.0
[20, 26, 29] -448.0
[20, 26, 30] -320.0
[20, 26, 31] -224.0
[20, 26, 33] -96.0
[20, 26, 34] -64.0
[20, 26, 35] -32.0
[20, 27, 28] -544.0
[20, 27, 29] -448.0
[20, 27, 30] -352.0
[20, 27, 31] -256.0
[20, 27, 32] -160.0
[20, 27, 33] -96.0
[20, 27, 35] -32.0
[20, 28, 29] -448.0
[20, 28, 30] -384.0
[20, 28, 31] -288.0
[20, 28, 32] -192.0
[20, 28, 33] -96.0
[20, 28, 34] -64.0
[20, 28, 35] -32.0
[20, 29, 30] -384.0
[20, 29, 31] -320.0
[20, 29, 32] -224.0
[20, 29, 33] -128.0
[20, 29, 34] -64.0
[20, 29, 35] -32.0
[20, 30, 31] -320.0
[20, 30, 32] -256.0
[20, 30, 33] -160.0
[20, 30, 34] -64.0
[20, 30, 35] -32.0
[20, 31, 32] -256.0
[20, 31, 33] -192.0
[20, 31, 34] -96.0
[20, 31, 35] -32.0
[20, 32, 33] -192.0
[20, 32, 34] -128.0
[20, 32, 35] -32.0
[20, 33, 34] -128.0
[20, 33, 35] -64.0
[20, 34, 35] -64.0
[21, 22, 23] -800.0
[21, 22, 24] -1120.0
[21, 22, 25] -1024.0
[21, 22, 26] -896.0
[21, 22, 27] -768.0
[21, 22, 28] -640.0
[21, 22, 29] -512.0
[21, 22, 30] -384.0
[21, 22, 31] -288.0
[21, 22, 32] -224.0
[21, 22, 33] -160.0
[21, 22, 34] -96.0
[21, 22, 35] -32.0
[21, 23, 24] -1088.0
[21, 23, 25] -640.0
[21, 23, 26] -896.0
[21, 23, 27] -768.0
[21, 23, 28] -640.0
[21, 23, 29] -512.0
[21, 23, 30] -384.0
[21, 23, 31] -256.0
[21, 23, 32] -192.0
[21, 23, 33] -128.0
[21, 23, 34] -64.0
[21, 23, 35] -32.0
[21, 24, 25] -960.0
[21, 24, 26] -864.0
[21, 24, 27] -480.0
[21, 24, 28] -640.0
[21, 24, 29] -512.0
[21, 24, 30] -384.0
[21, 24, 31] -256.0
[21, 24, 32] -160.0
[21, 24, 33] -96.0
[21, 24, 34] -64.0
[21, 24, 35] -32.0
[21, 25, 26] -832.0
[21, 25, 27] -736.0
[21, 25, 28] -640.0
[21, 25, 29] -288.0
[21, 25, 30] -384.0
[21, 25, 31] -256.0
[21, 25, 32] -128.0
[21, 25, 33] -96.0
[21, 25, 34] -64.0
[21, 25, 35] -32.0
[21, 26, 27] -704.0
[21, 26, 28] -608.0
[21, 26, 29] -512.0
[21, 26, 30] -384.0
[21, 26, 31] -96.0
[21, 26, 32] -160.0
[21, 26, 33] -96.0
[21, 26, 34] -64.0
[21, 26, 35] -32.0
[21, 27, 28] -576.0
[21, 27, 29] -480.0
[21, 27, 30] -384.0
[21, 27, 31] -288.0
[21, 27, 32] -192.0
[21, 27, 34] -64.0
[21, 27, 35] -32.0
[21, 28, 29] -448.0
[21, 28, 30] -384.0
[21, 28, 31] -320.0
[21, 28, 32] -224.0
[21, 28, 33] -128.0
[21, 28, 34] -64.0
[21, 29, 30] -384.0
[21, 29, 31] -320.0
[21, 29, 32] -256.0
[21, 29, 33] -160.0
[21, 29, 34] -64.0
[21, 29, 35] -32.0
[21, 30, 31] -320.0
[21, 30, 32] -256.0
[21, 30, 33] -192.0
[21, 30, 34] -96.0
[21, 30, 35] -32.0
[21, 31, 32] -256.0
[21, 31, 33] -192.0
[21, 31, 34] -128.0
[21, 31, 35] -32.0
[21, 32, 33] -192.0
[21, 32, 34] -128.0
[21, 32, 35] -64.0
[21, 33, 34] -128.0
[21, 33, 35] -64.0
[21, 34, 35] -64.0
[22, 23, 24] -736.0
[22, 23, 25] -1024.0
[22, 23, 26] -928.0
[22, 23, 27] -832.0
[22, 23, 28] -704.0
[22, 23, 29] -576.0
[22, 23, 30] -448.0
[22, 23, 31] -320.0
[22, 23, 32] -224.0
[22, 23, 33] -160.0
[22, 23, 34] -96.0
[22, 23, 35] -32.0
[22, 24, 25] -992.0
[22, 24, 26] -576.0
[22, 24, 27] -800.0
[22, 24, 28] -704.0
[22, 24, 29] -576.0
[22, 24, 30] -448.0
[22, 24, 31] -320.0
[22, 24, 32] -192.0
[22, 24, 33] -128.0
[22, 24, 34] -64.0
[22, 24, 35] -32.0
[22, 25, 26] -864.0
[22, 25, 27] -768.0
[22, 25, 28] -416.0
[22, 25, 29] -576.0
[22, 25, 30] -448.0
[22, 25, 31] -320.0
[22, 25, 32] -192.0
[22, 25, 33] -96.0
[22, 25, 34] -64.0
[22, 25, 35] -32.0
[22, 26, 27] -736.0
[22, 26, 28] -640.0
[22, 26, 29] -544.0
[22, 26, 30] -256.0
[22, 26, 31] -320.0
[22, 26, 32] -192.0
[22, 26, 33] -96.0
[22, 26, 34] -64.0
[22, 26, 35] -32.0
[22, 27, 28] -608.0
[22, 27, 29] -512.0
[22, 27, 30] -416.0
[22, 27, 31] -320.0
[22, 27, 32] -96.0
[22, 27, 33] -128.0
[22, 27, 34] -64.0
[22, 27, 35] -32.0
[22, 28, 29] -480.0
[22, 28, 30] -384.0
[22, 28, 31] -320.0
[22, 28, 32] -256.0
[22, 28, 33] -160.0
[22, 28, 35] -32.0
[22, 29, 30] -384.0
[22, 29, 31] -320.0
[22, 29, 32] -256.0
[22, 29, 33] -192.0
[22, 29, 34] -96.0
[22, 29, 35] -32.0
[22, 30, 31] -320.0
[22, 30, 32] -256.0
[22, 30, 33] -192.0
[22, 30, 34] -128.0
[22, 30, 35] -32.0
[22, 31, 32] -256.0
[22, 31, 33] -192.0
[22, 31, 34] -128.0
[22, 31, 35] -64.0
[22, 32, 33] -192.0
[22, 32, 34] -128.0
[22, 32, 35] -64.0
[22, 33, 34] -128.0
[22, 33, 35] -64.0
[22, 34, 35] -64.0
[23, 24, 25] -672.0
[23, 24, 26] -928.0
[23, 24, 27] -832.0
[23, 24, 28] -736.0
[23, 24, 29] -640.0
[23, 24, 30] -512.0
[23, 24, 31] -384.0
[23, 24, 32] -256.0
[23, 24, 33] -160.0
[23, 24, 34] -96.0
[23, 24, 35] -32.0
[23, 25, 26] -896.0
[23, 25, 27] -512.0
[23, 25, 28] -704.0
[23, 25, 29] -608.0
[23, 25, 30] -512.0
[23, 25, 31] -384.0
[23, 25, 32] -256.0
[23, 25, 33] -128.0
[23, 25, 34] -64.0
[23, 25, 35] -32.0
[23, 26, 27] -768.0
[23, 26, 28] -672.0
[23, 26, 29] -352.0
[23, 26, 30] -480.0
[23, 26, 31] -384.0
[23, 26, 32] -256.0
[23, 26, 33] -128.0
[23, 26, 34] -64.0
[23, 26, 35] -32.0
[23, 27, 28] -640.0
[23, 27, 29] -544.0
[23, 27, 30] -448.0
[23, 27, 31] -192.0
[23, 27, 32] -256.0
[23, 27, 33] -160.0
[23, 27, 34] -64.0
[23, 27, 35] -32.0
[23, 28, 29] -512.0
[23, 28, 30] -416.0
[23, 28, 31] -320.0
[23, 28, 32] -256.0
[23, 28, 33] -96.0
[23, 28, 34] -96.0
[23, 28, 35] -32.0
[23, 29, 30] -384.0
[23, 29, 31] -320.0
[23, 29, 32] -256.0
[23, 29, 33] -192.0
[23, 29, 34] -128.0
[23, 30, 31] -320.0
[23, 30, 32] -256.0
[23, 30, 33] -192.0
[23, 30, 34] -128.0
[23, 30, 35] -64.0
[23, 31, 32] -256.0
[23, 31, 33] -192.0
[23, 31, 34] -128.0
[23, 31, 35] -64.0
[23, 32, 33] -192.0
[23, 32, 34] -128.0
[23, 32, 35] -64.0
[23, 33, 34] -128.0
[23, 33, 35] -64.0
[23, 34, 35] -64.0
[24, 25, 26] -608.0
[24, 25, 27] -832.0
[24, 25, 28] -736.0
[24, 25, 29] -640.0
[24, 25, 30] -544.0
[24, 25, 31] -448.0
[24, 25, 32] -320.0
[24, 25, 33] -192.0
[24, 25, 34] -96.0
[24, 25, 35] -32.0
[24, 26, 27] -800.0
[24, 26, 28] -448.0
[24, 26, 29] -608.0
[24, 26, 30] -512.0
[24, 26, 31] -416.0
[24, 26, 32] -320.0
[24, 26, 33] -192.0
[24, 26, 34] -64.0
[24, 26, 35] -32.0
[24, 27, 28] -672.0
[24, 27, 29] -576.0
[24, 27, 30] -288.0
[24, 27, 31] -384.0
[24, 27, 32] -288.0
[24, 27, 33] -192.0
[24, 27, 34] -96.0
[24, 27, 35] -32.0
[24, 28, 29] -544.0
[24, 28, 30] -448.0
[24, 28, 31] -352.0
[24, 28, 32] -128.0
[24, 28, 33] -192.0
[24, 28, 34] -128.0
[24, 28, 35] -32.0
[24, 29, 30] -416.0
[24, 29, 31] -320.0
[24, 29, 32] -256.0
[24, 29, 33] -192.0
[24, 29, 34] -64.0
[24, 29, 35] -64.0
[24, 30, 31] -320.0
[24, 30, 32] -256.0
[24, 30, 33] -192.0
[24, 30, 34] -128.0
[24, 30, 35] -64.0
[24, 31, 32] -256.0
[24, 31, 33] -192.0
[24, 31, 34] -128.0
[24, 31, 35] -64.0
[24, 32, 33] -192.0
[24, 32, 34] -128.0
[24, 32, 35] -64.0
[24, 33, 34] -128.0
[24, 33, 35] -64.0
[24, 34, 35] -64.0
[25, 26, 27] -544.0
[25, 26, 28] -736.0
[25, 26, 29] -640.0
[25, 26, 30] -544.0
[25, 26, 31] -448.0
[25, 26, 32] -352.0
[25, 26, 33] -256.0
[25, 26, 34] -128.0
[25, 26, 35] -32.0
[25, 27, 28] -704.0
[25, 27, 29] -384.0
[25, 27, 30] -512.0
[25, 27, 31] -416.0
[25, 27, 32] -320.0
[25, 27, 33] -224.0
[25, 27, 34] -128.0
[25, 27, 35] -32.0
[25, 28, 29] -576.0
[25, 28, 30] -480.0
[25, 28, 31] -224.0
[25, 28, 32] -288.0
[25, 28, 33] -192.0
[25, 28, 34] -128.0
[25, 28, 35] -64.0
[25, 29, 30] -448.0
[25, 29, 31] -352.0
[25, 29, 32] -256.0
[25, 29, 33] -96.0
[25, 29, 34] -128.0
[25, 29, 35] -64.0
[25, 30, 31] -320.0
[25, 30, 32] -256.0
[25, 30, 33] -192.0
[25, 30, 34] -128.0
[25, 30, 35] -32.0
[25, 31, 32] -256.0
[25, 31, 33] -192.0
[25, 31, 34] -128.0
[25, 31, 35] -64.0
[25, 32, 33] -192.0
[25, 32, 34] -128.0
[25, 32, 35] -64.0
[25, 33, 34] -128.0
[25, 33, 35] -64.0
[25, 34, 35] -64.0
[26, 27, 28] -480.0
[26, 27, 29] -640.0
[26, 27, 30] -544.0
[26, 27, 31] -448.0
[26, 27, 32] -352.0
[26, 27, 33] -256.0
[26, 27, 34] -160.0
[26, 27, 35] -64.0
[26, 28, 29] -608.0
[26, 28, 30] -320.0
[26, 28, 31] -416.0
[26, 28, 32] -320.0
[26, 28, 33] -224.0
[26, 28, 34] -128.0
[26, 28, 35] -64.0
[26, 29, 30] -480.0
[26, 29, 31] -384.0
[26, 29, 32] -160.0
[26, 29, 33] -192.0
[26, 29, 34] -128.0
[26, 29, 35] -64.0
[26, 30, 31] -352.0
[26, 30, 32] -256.0
[26, 30, 33] -192.0
[26, 30, 34] -64.0
[26, 30, 35] -64.0
[26, 31, 32] -256.0
[26, 31, 33] -192.0
[26, 31, 34] -128.0
[26, 31, 35] -64.0
[26, 32, 33] -192.0
[26, 32, 34] -128.0
[26, 32, 35] -64.0
[26, 33, 34] -128.0
[26, 33, 35] -64.0
[26, 34, 35] -64.0
[27, 28, 29] -416.0
[27, 28, 30] -544.0
[27, 28, 31] -448.0
[27, 28, 32] -352.0
[27, 28, 33] -256.0
[27, 28, 34] -160.0
[27, 28, 35] -64.0
[27, 29, 30] -512.0
[27, 29, 31] -256.0
[27, 29, 32] -320.0
[27, 29, 33] -224.0
[27, 29, 34] -128.0
[27, 29, 35] -64.0
[27, 30, 31] -384.0
[27, 30, 32] -288.0
[27, 30, 33] -96.0
[27, 30, 34] -128.0
[27, 30, 35] -64.0
[27, 31, 32] -256.0
[27, 31, 33] -192.0
[27, 31, 34] -128.0
[27, 31, 35] -32.0
[27, 32, 33] -192.0
[27, 32, 34] -128.0
[27, 32, 35] -64.0
[27, 33, 34] -128.0
[27, 33, 35] -64.0
[27, 34, 35] -64.0
[28, 29, 30] -352.0
[28, 29, 31] -448.0
[28, 29, 32] -352.0
[28, 29, 33] -256.0
[28, 29, 34] -160.0
[28, 29, 35] -64.0
[28, 30, 31] -416.0
[28, 30, 32] -192.0
[28, 30, 33] -224.0
[28, 30, 34] -128.0
[28, 30, 35] -64.0
[28, 31, 32] -288.0
[28, 31, 33] -192.0
[28, 31, 34] -64.0
[28, 31, 35] -64.0
[28, 32, 33] -192.0
[28, 32, 34] -128.0
[28, 32, 35] -64.0
[28, 33, 34] -128.0
[28, 33, 35] -64.0
[28, 34, 35] -64.0
[29, 30, 31] -288.0
[29, 30, 32] -352.0
[29, 30, 33] -256.0
[29, 30, 34] -160.0
[29, 30, 35] -64.0
[29, 31, 32] -320.0
[29, 31, 33] -128.0
[29, 31, 34] -128.0
[29, 31, 35] -64.0
[29, 32, 33] -192.0
[29, 32, 34] -128.0
[29, 32, 35] -32.0
[29, 33, 34] -128.0
[29, 33, 35] -64.0
[29, 34, 35] -64.0
[30, 31, 32] -224.0
[30, 31, 33] -256.0
[30, 31, 34] -160.0
[30, 31, 35] -64.0
[30, 32, 33] -224.0
[30, 32, 34] -64.0
[30, 32, 35] -64.0
[30, 33, 34] -128.0
[30, 33, 35] -64.0
[30, 34, 35] -64.0
[31, 32, 33] -160.0
[31, 32, 34] -160.0
[31, 32, 35] -64.0
[31, 33, 34] -128.0
[31, 33, 35] -32.0
[31, 34, 35] -64.0
[32, 33, 34] -96.0
[32, 33, 35] -64.0
[32, 34, 35] -64.0
[33, 34, 35] -32.0
[1, 2] 240.0
[1, 3] 232.0
[1, 4] 224.0
[1, 5] 216.0
[1, 6] 208.0
[1, 7] 200.0
[1, 8] 192.0
[1, 9] 184.0
[1, 10] 192.0
[1, 11] 184.0
[1, 12] 176.0
[1, 13] 168.0
[1, 14] 160.0
[1, 15] 152.0
[1, 16] 144.0
[1, 17] 136.0
[1, 18] 128.0
[2, 3] 480.0
[2, 4] 480.0
[2, 5] 464.0
[2, 6] 448.0
[2, 7] 432.0
[2, 8] 416.0
[2, 9] 400.0
[2, 10] 384.0
[2, 11] 400.0
[2, 12] 384.0
[2, 13] 368.0
[2, 14] 352.0
[2, 15] 336.0
[2, 16] 320.0
[2, 17] 304.0
[2, 18] 272.0
[2, 19] 128.0
[3, 4] 736.0
[3, 5] 728.0
[3, 6] 720.0
[3, 7] 696.0
[3, 8] 672.0
[3, 9] 648.0
[3, 10] 624.0
[3, 11] 616.0
[3, 12] 624.0
[3, 13] 600.0
[3, 14] 576.0
[3, 15] 552.0
[3, 16] 528.0
[3, 17] 488.0
[3, 18] 448.0
[3, 19] 272.0
[3, 20] 128.0
[4, 5] 1008.0
[4, 6] 992.0
[4, 7] 976.0
[4, 8] 960.0
[4, 9] 928.0
[4, 10] 896.0
[4, 11] 864.0
[4, 12] 864.0
[4, 13] 864.0
[4, 14] 832.0
[4, 15] 800.0
[4, 16] 752.0
[4, 17] 704.0
[4, 18] 640.0
[4, 19] 448.0
[4, 20] 272.0
[4, 21] 128.0
[5, 6] 1296.0
[5, 7] 1272.0
[5, 8] 1248.0
[5, 9] 1224.0
[5, 10] 1200.0
[5, 11] 1160.0
[5, 12] 1136.0
[5, 13] 1128.0
[5, 14] 1120.0
[5, 15] 1064.0
[5, 16] 1008.0
[5, 17] 936.0
[5, 18] 864.0
[5, 19] 640.0
[5, 20] 448.0
[5, 21] 272.0
[5, 22] 128.0
[6, 7] 1600.0
[6, 8] 1568.0
[6, 9] 1536.0
[6, 10] 1504.0
[6, 11] 1472.0
[6, 12] 1440.0
[6, 13] 1424.0
[6, 14] 1392.0
[6, 15] 1360.0
[6, 16] 1280.0
[6, 17] 1200.0
[6, 18] 1104.0
[6, 19] 864.0
[6, 20] 640.0
[6, 21] 448.0
[6, 22] 272.0
[6, 23] 128.0
[7, 8] 1920.0
[7, 9] 1880.0
[7, 10] 1840.0
[7, 11] 1800.0
[7, 12] 1760.0
[7, 13] 1720.0
[7, 14] 1696.0
[7, 15] 1640.0
[7, 16] 1584.0
[7, 17] 1480.0
[7, 18] 1376.0
[7, 19] 1104.0
[7, 20] 864.0
[7, 21] 640.0
[7, 22] 448.0
[7, 23] 272.0
[7, 24] 128.0
[8, 9] 2256.0
[8, 10] 2208.0
[8, 11] 2160.0
[8, 12] 2096.0
[8, 13] 2032.0
[8, 14] 1984.0
[8, 15] 1936.0
[8, 16] 1872.0
[8, 17] 1792.0
[8, 18] 1664.0
[8, 19] 1376.0
[8, 20] 1104.0
[8, 21] 864.0
[8, 22] 640.0
[8, 23] 448.0
[8, 24] 272.0
[8, 25] 128.0
[9, 10] 2608.0
[9, 11] 2536.0
[9, 12] 2464.0
[9, 13] 2376.0
[9, 14] 2304.0
[9, 15] 2232.0
[9, 16] 2160.0
[9, 17] 2072.0
[9, 18] 1984.0
[9, 19] 1664.0
[9, 20] 1376.0
[9, 21] 1104.0
[9, 22] 864.0
[9, 23] 640.0
[9, 24] 448.0
[9, 25] 272.0
[9, 26] 128.0
[10, 11] 2944.0
[10, 12] 2848.0
[10, 13] 2752.0
[10, 14] 2640.0
[10, 15] 2560.0
[10, 16] 2464.0
[10, 17] 2368.0
[10, 18] 2256.0
[10, 19] 1984.0
[10, 20] 1664.0
[10, 21] 1376.0
[10, 22] 1104.0
[10, 23] 864.0
[10, 24] 640.0
[10, 25] 448.0
[10, 26] 272.0
[10, 27] 128.0
[11, 12] 3264.0
[11, 13] 3144.0
[11, 14] 3024.0
[11, 15] 2904.0
[11, 16] 2800.0
[11, 17] 2680.0
[11, 18] 2560.0
[11, 19] 2256.0
[11, 20] 1984.0
[11, 21] 1664.0
[11, 22] 1376.0
[11, 23] 1104.0
[11, 24] 864.0
[11, 25] 640.0
[11, 26] 448.0
[11, 27] 272.0
[11, 28] 128.0
[12, 13] 3568.0
[12, 14] 3424.0
[12, 15] 3280.0
[12, 16] 3152.0
[12, 17] 3024.0
[12, 18] 2880.0
[12, 19] 2560.0
[12, 20] 2256.0
[12, 21] 1984.0
[12, 22] 1664.0
[12, 23] 1376.0
[12, 24] 1104.0
[12, 25] 864.0
[12, 26] 640.0
[12, 27] 448.0
[12, 28] 272.0
[12, 29] 128.0
[13, 14] 3856.0
[13, 15] 3688.0
[13, 16] 3536.0
[13, 17] 3384.0
[13, 18] 3232.0
[13, 19] 2880.0
[13, 20] 2560.0
[13, 21] 2256.0
[13, 22] 1984.0
[13, 23] 1664.0
[13, 24] 1376.0
[13, 25] 1104.0
[13, 26] 864.0
[13, 27] 640.0
[13, 28] 448.0
[13, 29] 272.0
[13, 30] 128.0
[14, 15] 4128.0
[14, 16] 3936.0
[14, 17] 3776.0
[14, 18] 3600.0
[14, 19] 3232.0
[14, 20] 2880.0
[14, 21] 2560.0
[14, 22] 2256.0
[14, 23] 1984.0
[14, 24] 1664.0
[14, 25] 1376.0
[14, 26] 1104.0
[14, 27] 864.0
[14, 28] 640.0
[14, 29] 448.0
[14, 30] 272.0
[14, 31] 128.0
[15, 16] 4384.0
[15, 17] 4184.0
[15, 18] 4000.0
[15, 19] 3600.0
[15, 20] 3232.0
[15, 21] 2880.0
[15, 22] 2560.0
[15, 23] 2256.0
[15, 24] 1984.0
[15, 25] 1664.0
[15, 26] 1376.0
[15, 27] 1104.0
[15, 28] 864.0
[15, 29] 640.0
[15, 30] 448.0
[15, 31] 272.0
[15, 32] 128.0
[16, 17] 4624.0
[16, 18] 4416.0
[16, 19] 4000.0
[16, 20] 3600.0
[16, 21] 3232.0
[16, 22] 2880.0
[16, 23] 2560.0
[16, 24] 2256.0
[16, 25] 1984.0
[16, 26] 1664.0
[16, 27] 1376.0
[16, 28] 1104.0
[16, 29] 864.0
[16, 30] 640.0
[16, 31] 448.0
[16, 32] 272.0
[16, 33] 128.0
[17, 18] 4864.0
[17, 19] 4416.0
[17, 20] 4000.0
[17, 21] 3600.0
[17, 22] 3232.0
[17, 23] 2880.0
[17, 24] 2560.0
[17, 25] 2256.0
[17, 26] 1984.0
[17, 27] 1664.0
[17, 28] 1376.0
[17, 29] 1104.0
[17, 30] 864.0
[17, 31] 640.0
[17, 32] 448.0
[17, 33] 272.0
[17, 34] 128.0
[18, 19] 4864.0
[18, 20] 4416.0
[18, 21] 4000.0
[18, 22] 3600.0
[18, 23] 3232.0
[18, 24] 2880.0
[18, 25] 2560.0
[18, 26] 2256.0
[18, 27] 1984.0
[18, 28] 1664.0
[18, 29] 1376.0
[18, 30] 1104.0
[18, 31] 864.0
[18, 32] 640.0
[18, 33] 448.0
[18, 34] 272.0
[18, 35] 128.0
[19, 20] 4624.0
[19, 21] 4184.0
[19, 22] 3776.0
[19, 23] 3384.0
[19, 24] 3024.0
[19, 25] 2680.0
[19, 26] 2368.0
[19, 27] 2072.0
[19, 28] 1792.0
[19, 29] 1480.0
[19, 30] 1200.0
[19, 31] 936.0
[19, 32] 704.0
[19, 33] 488.0
[19, 34] 304.0
[19, 35] 136.0
[20, 21] 4384.0
[20, 22] 3936.0
[20, 23] 3536.0
[20, 24] 3152.0
[20, 25] 2800.0
[20, 26] 2464.0
[20, 27] 2160.0
[20, 28] 1872.0
[20, 29] 1584.0
[20, 30] 1280.0
[20, 31] 1008.0
[20, 32] 752.0
[20, 33] 528.0
[20, 34] 320.0
[20, 35] 144.0
[21, 22] 4128.0
[21, 23] 3688.0
[21, 24] 3280.0
[21, 25] 2904.0
[21, 26] 2560.0
[21, 27] 2232.0
[21, 28] 1936.0
[21, 29] 1640.0
[21, 30] 1360.0
[21, 31] 1064.0
[21, 32] 800.0
[21, 33] 552.0
[21, 34] 336.0
[21, 35] 152.0
[22, 23] 3856.0
[22, 24] 3424.0
[22, 25] 3024.0
[22, 26] 2640.0
[22, 27] 2304.0
[22, 28] 1984.0
[22, 29] 1696.0
[22, 30] 1392.0
[22, 31] 1120.0
[22, 32] 832.0
[22, 33] 576.0
[22, 34] 352.0
[22, 35] 160.0
[23, 24] 3568.0
[23, 25] 3144.0
[23, 26] 2752.0
[23, 27] 2376.0
[23, 28] 2032.0
[23, 29] 1720.0
[23, 30] 1424.0
[23, 31] 1128.0
[23, 32] 864.0
[23, 33] 600.0
[23, 34] 368.0
[23, 35] 168.0
[24, 25] 3264.0
[24, 26] 2848.0
[24, 27] 2464.0
[24, 28] 2096.0
[24, 29] 1760.0
[24, 30] 1440.0
[24, 31] 1136.0
[24, 32] 864.0
[24, 33] 624.0
[24, 34] 384.0
[24, 35] 176.0
[25, 26] 2944.0
[25, 27] 2536.0
[25, 28] 2160.0
[25, 29] 1800.0
[25, 30] 1472.0
[25, 31] 1160.0
[25, 32] 864.0
[25, 33] 616.0
[25, 34] 400.0
[25, 35] 184.0
[26, 27] 2608.0
[26, 28] 2208.0
[26, 29] 1840.0
[26, 30] 1504.0
[26, 31] 1200.0
[26, 32] 896.0
[26, 33] 624.0
[26, 34] 384.0
[26, 35] 192.0
[27, 28] 2256.0
[27, 29] 1880.0
[27, 30] 1536.0
[27, 31] 1224.0
[27, 32] 928.0
[27, 33] 648.0
[27, 34] 400.0
[27, 35] 184.0
[28, 29] 1920.0
[28, 30] 1568.0
[28, 31] 1248.0
[28, 32] 960.0
[28, 33] 672.0
[28, 34] 416.0
[28, 35] 192.0
[29, 30] 1600.0
[29, 31] 1272.0
[29, 32] 976.0
[29, 33] 696.0
[29, 34] 432.0
[29, 35] 200.0
[30, 31] 1296.0
[30, 32] 992.0
[30, 33] 720.0
[30, 34] 448.0
[30, 35] 208.0
[31, 32] 1008.0
[31, 33] 728.0
[31, 34] 464.0
[31, 35] 216.0
[32, 33] 736.0
[32, 34] 480.0
[32, 35] 224.0
[33, 34] 480.0
[33, 35] 232.0
[34, 35] 240.0
[1] -544.0
[2] -1144.0
[3] -1792.0
[4] -2480.0
[5] -3200.0
[6] -3944.0
[7] -4704.0
[8] -5472.0
[9] -6240.0
[10] -7008.0
[11] -7776.0
[12] -8536.0
[13] -9280.0
[14] -10000.0
[15] -10688.0
[16] -11336.0
[17] -11936.0
[18] -12480.0
[19] -11936.0
[20] -11336.0
[21] -10688.0
[22] -10000.0
[23] -9280.0
[24] -8536.0
[25] -7776.0
[26] -7008.0
[27] -6240.0
[28] -5472.0
[29] -4704.0
[30] -3944.0
[31] -3200.0
[32] -2480.0
[33] -1792.0
[34] -1144.0
[35] -544.0
