#Variables 25
#Constraints 0
Objsense Min
VariablesInfo
0.0 1.0 Bin
0.0 1.0 Bin
0.0 1.0 Bin
0.0 1.0 Bin
0.0 1.0 Bin
0.0 1.0 Bin
0.0 1.0 Bin
0.0 1.0 Bin
0.0 1.0 Bin
0.0 1.0 Bin
0.0 1.0 Bin
0.0 1.0 Bin
0.0 1.0 Bin
0.0 1.0 Bin
0.0 1.0 Bin
0.0 1.0 Bin
0.0 1.0 Bin
0.0 1.0 Bin
0.0 1.0 Bin
0.0 1.0 Bin
0.0 1.0 Bin
0.0 1.0 Bin
0.0 1.0 Bin
0.0 1.0 Bin
0.0 1.0 Bin
Objective 3040
Offset 0.0
[1, 2, 3, 4] 64.0
[1, 2, 4, 5] 64.0
[1, 2, 5, 6] 64.0
[1, 2, 6, 7] 64.0
[1, 2, 7, 8] 64.0
[1, 2, 8, 9] 64.0
[1, 2, 9, 10] 64.0
[1, 2, 10, 11] 64.0
[1, 2, 11, 12] 64.0
[1, 2, 12, 13] 64.0
[1, 2, 13, 14] 64.0
[1, 2, 14, 15] 64.0
[1, 2, 15, 16] 64.0
[1, 2, 16, 17] 64.0
[1, 2, 17, 18] 64.0
[1, 2, 18, 19] 64.0
[1, 3, 4, 6] 64.0
[1, 3, 5, 7] 64.0
[1, 3, 6, 8] 64.0
[1, 3, 7, 9] 64.0
[1, 3, 8, 10] 64.0
[1, 3, 9, 11] 64.0
[1, 3, 10, 12] 64.0
[1, 3, 11, 13] 64.0
[1, 3, 12, 14] 64.0
[1, 3, 13, 15] 64.0
[1, 3, 14, 16] 64.0
[1, 3, 15, 17] 64.0
[1, 3, 16, 18] 64.0
[1, 3, 17, 19] 64.0
[1, 4, 5, 8] 64.0
[1, 4, 6, 9] 64.0
[1, 4, 7, 10] 64.0
[1, 4, 8, 11] 64.0
[1, 4, 9, 12] 64.0
[1, 4, 10, 13] 64.0
[1, 4, 11, 14] 64.0
[1, 4, 12, 15] 64.0
[1, 4, 13, 16] 64.0
[1, 4, 14, 17] 64.0
[1, 4, 15, 18] 64.0
[1, 4, 16, 19] 64.0
[1, 5, 6, 10] 64.0
[1, 5, 7, 11] 64.0
[1, 5, 8, 12] 64.0
[1, 5, 9, 13] 64.0
[1, 5, 10, 14] 64.0
[1, 5, 11, 15] 64.0
[1, 5, 12, 16] 64.0
[1, 5, 13, 17] 64.0
[1, 5, 14, 18] 64.0
[1, 5, 15, 19] 64.0
[1, 6, 7, 12] 64.0
[1, 6, 8, 13] 64.0
[1, 6, 9, 14] 64.0
[1, 6, 10, 15] 64.0
[1, 6, 11, 16] 64.0
[1, 6, 12, 17] 64.0
[1, 6, 13, 18] 64.0
[1, 6, 14, 19] 64.0
[1, 7, 8, 14] 64.0
[1, 7, 9, 15] 64.0
[1, 7, 10, 16] 64.0
[1, 7, 11, 17] 64.0
[1, 7, 12, 18] 64.0
[1, 7, 13, 19] 64.0
[1, 8, 9, 16] 64.0
[1, 8, 10, 17] 64.0
[1, 8, 11, 18] 64.0
[1, 8, 12, 19] 64.0
[1, 9, 10, 18] 64.0
[1, 9, 11, 19] 64.0
[2, 3, 4, 5] 128.0
[2, 3, 5, 6] 128.0
[2, 3, 6, 7] 128.0
[2, 3, 7, 8] 128.0
[2, 3, 8, 9] 128.0
[2, 3, 9, 10] 128.0
[2, 3, 10, 11] 128.0
[2, 3, 11, 12] 128.0
[2, 3, 12, 13] 128.0
[2, 3, 13, 14] 128.0
[2, 3, 14, 15] 128.0
[2, 3, 15, 16] 128.0
[2, 3, 16, 17] 128.0
[2, 3, 17, 18] 128.0
[2, 3, 18, 19] 128.0
[2, 3, 19, 20] 64.0
[2, 4, 5, 7] 128.0
[2, 4, 6, 8] 128.0
[2, 4, 7, 9] 128.0
[2, 4, 8, 10] 128.0
[2, 4, 9, 11] 128.0
[2, 4, 10, 12] 128.0
[2, 4, 11, 13] 128.0
[2, 4, 12, 14] 128.0
[2, 4, 13, 15] 128.0
[2, 4, 14, 16] 128.0
[2, 4, 15, 17] 128.0
[2, 4, 16, 18] 128.0
[2, 4, 17, 19] 128.0
[2, 4, 18, 20] 64.0
[2, 5, 6, 9] 128.0
[2, 5, 7, 10] 128.0
[2, 5, 8, 11] 128.0
[2, 5, 9, 12] 128.0
[2, 5, 10, 13] 128.0
[2, 5, 11, 14] 128.0
[2, 5, 12, 15] 128.0
[2, 5, 13, 16] 128.0
[2, 5, 14, 17] 128.0
[2, 5, 15, 18] 128.0
[2, 5, 16, 19] 128.0
[2, 5, 17, 20] 64.0
[2, 6, 7, 11] 128.0
[2, 6, 8, 12] 128.0
[2, 6, 9, 13] 128.0
[2, 6, 10, 14] 128.0
[2, 6, 11, 15] 128.0
[2, 6, 12, 16] 128.0
[2, 6, 13, 17] 128.0
[2, 6, 14, 18] 128.0
[2, 6, 15, 19] 128.0
[2, 6, 16, 20] 64.0
[2, 7, 8, 13] 128.0
[2, 7, 9, 14] 128.0
[2, 7, 10, 15] 128.0
[2, 7, 11, 16] 128.0
[2, 7, 12, 17] 128.0
[2, 7, 13, 18] 128.0
[2, 7, 14, 19] 128.0
[2, 7, 15, 20] 64.0
[2, 8, 9, 15] 128.0
[2, 8, 10, 16] 128.0
[2, 8, 11, 17] 128.0
[2, 8, 12, 18] 128.0
[2, 8, 13, 19] 128.0
[2, 8, 14, 20] 64.0
[2, 9, 10, 17] 128.0
[2, 9, 11, 18] 128.0
[2, 9, 12, 19] 128.0
[2, 9, 13, 20] 64.0
[2, 10, 11, 19] 128.0
[2, 10, 12, 20] 64.0
[3, 4, 5, 6] 192.0
[3, 4, 6, 7] 192.0
[3, 4, 7, 8] 192.0
[3, 4, 8, 9] 192.0
[3, 4, 9, 10] 192.0
[3, 4, 10, 11] 192.0
[3, 4, 11, 12] 192.0
[3, 4, 12, 13] 192.0
[3, 4, 13, 14] 192.0
[3, 4, 14, 15] 192.0
[3, 4, 15, 16] 192.0
[3, 4, 16, 17] 192.0
[3, 4, 17, 18] 192.0
[3, 4, 18, 19] 192.0
[3, 4, 19, 20] 128.0
[3, 4, 20, 21] 64.0
[3, 5, 6, 8] 192.0
[3, 5, 7, 9] 192.0
[3, 5, 8, 10] 192.0
[3, 5, 9, 11] 192.0
[3, 5, 10, 12] 192.0
[3, 5, 11, 13] 192.0
[3, 5, 12, 14] 192.0
[3, 5, 13, 15] 192.0
[3, 5, 14, 16] 192.0
[3, 5, 15, 17] 192.0
[3, 5, 16, 18] 192.0
[3, 5, 17, 19] 192.0
[3, 5, 18, 20] 128.0
[3, 5, 19, 21] 64.0
[3, 6, 7, 10] 192.0
[3, 6, 8, 11] 192.0
[3, 6, 9, 12] 192.0
[3, 6, 10, 13] 192.0
[3, 6, 11, 14] 192.0
[3, 6, 12, 15] 192.0
[3, 6, 13, 16] 192.0
[3, 6, 14, 17] 192.0
[3, 6, 15, 18] 192.0
[3, 6, 16, 19] 192.0
[3, 6, 17, 20] 128.0
[3, 6, 18, 21] 64.0
[3, 7, 8, 12] 192.0
[3, 7, 9, 13] 192.0
[3, 7, 10, 14] 192.0
[3, 7, 11, 15] 192.0
[3, 7, 12, 16] 192.0
[3, 7, 13, 17] 192.0
[3, 7, 14, 18] 192.0
[3, 7, 15, 19] 192.0
[3, 7, 16, 20] 128.0
[3, 7, 17, 21] 64.0
[3, 8, 9, 14] 192.0
[3, 8, 10, 15] 192.0
[3, 8, 11, 16] 192.0
[3, 8, 12, 17] 192.0
[3, 8, 13, 18] 192.0
[3, 8, 14, 19] 192.0
[3, 8, 15, 20] 128.0
[3, 8, 16, 21] 64.0
[3, 9, 10, 16] 192.0
[3, 9, 11, 17] 192.0
[3, 9, 12, 18] 192.0
[3, 9, 13, 19] 192.0
[3, 9, 14, 20] 128.0
[3, 9, 15, 21] 64.0
[3, 10, 11, 18] 192.0
[3, 10, 12, 19] 192.0
[3, 10, 13, 20] 128.0
[3, 10, 14, 21] 64.0
[3, 11, 12, 20] 128.0
[3, 11, 13, 21] 64.0
[4, 5, 6, 7] 256.0
[4, 5, 7, 8] 256.0
[4, 5, 8, 9] 256.0
[4, 5, 9, 10] 256.0
[4, 5, 10, 11] 256.0
[4, 5, 11, 12] 256.0
[4, 5, 12, 13] 256.0
[4, 5, 13, 14] 256.0
[4, 5, 14, 15] 256.0
[4, 5, 15, 16] 256.0
[4, 5, 16, 17] 256.0
[4, 5, 17, 18] 256.0
[4, 5, 18, 19] 256.0
[4, 5, 19, 20] 192.0
[4, 5, 20, 21] 128.0
[4, 5, 21, 22] 64.0
[4, 6, 7, 9] 256.0
[4, 6, 8, 10] 256.0
[4, 6, 9, 11] 256.0
[4, 6, 10, 12] 256.0
[4, 6, 11, 13] 256.0
[4, 6, 12, 14] 256.0
[4, 6, 13, 15] 256.0
[4, 6, 14, 16] 256.0
[4, 6, 15, 17] 256.0
[4, 6, 16, 18] 256.0
[4, 6, 17, 19] 256.0
[4, 6, 18, 20] 192.0
[4, 6, 19, 21] 128.0
[4, 6, 20, 22] 64.0
[4, 7, 8, 11] 256.0
[4, 7, 9, 12] 256.0
[4, 7, 10, 13] 256.0
[4, 7, 11, 14] 256.0
[4, 7, 12, 15] 256.0
[4, 7, 13, 16] 256.0
[4, 7, 14, 17] 256.0
[4, 7, 15, 18] 256.0
[4, 7, 16, 19] 256.0
[4, 7, 17, 20] 192.0
[4, 7, 18, 21] 128.0
[4, 7, 19, 22] 64.0
[4, 8, 9, 13] 256.0
[4, 8, 10, 14] 256.0
[4, 8, 11, 15] 256.0
[4, 8, 12, 16] 256.0
[4, 8, 13, 17] 256.0
[4, 8, 14, 18] 256.0
[4, 8, 15, 19] 256.0
[4, 8, 16, 20] 192.0
[4, 8, 17, 21] 128.0
[4, 8, 18, 22] 64.0
[4, 9, 10, 15] 256.0
[4, 9, 11, 16] 256.0
[4, 9, 12, 17] 256.0
[4, 9, 13, 18] 256.0
[4, 9, 14, 19] 256.0
[4, 9, 15, 20] 192.0
[4, 9, 16, 21] 128.0
[4, 9, 17, 22] 64.0
[4, 10, 11, 17] 256.0
[4, 10, 12, 18] 256.0
[4, 10, 13, 19] 256.0
[4, 10, 14, 20] 192.0
[4, 10, 15, 21] 128.0
[4, 10, 16, 22] 64.0
[4, 11, 12, 19] 256.0
[4, 11, 13, 20] 192.0
[4, 11, 14, 21] 128.0
[4, 11, 15, 22] 64.0
[4, 12, 13, 21] 128.0
[4, 12, 14, 22] 64.0
[5, 6, 7, 8] 320.0
[5, 6, 8, 9] 320.0
[5, 6, 9, 10] 320.0
[5, 6, 10, 11] 320.0
[5, 6, 11, 12] 320.0
[5, 6, 12, 13] 320.0
[5, 6, 13, 14] 320.0
[5, 6, 14, 15] 320.0
[5, 6, 15, 16] 320.0
[5, 6, 16, 17] 320.0
[5, 6, 17, 18] 320.0
[5, 6, 18, 19] 320.0
[5, 6, 19, 20] 256.0
[5, 6, 20, 21] 192.0
[5, 6, 21, 22] 128.0
[5, 6, 22, 23] 64.0
[5, 7, 8, 10] 320.0
[5, 7, 9, 11] 320.0
[5, 7, 10, 12] 320.0
[5, 7, 11, 13] 320.0
[5, 7, 12, 14] 320.0
[5, 7, 13, 15] 320.0
[5, 7, 14, 16] 320.0
[5, 7, 15, 17] 320.0
[5, 7, 16, 18] 320.0
[5, 7, 17, 19] 320.0
[5, 7, 18, 20] 256.0
[5, 7, 19, 21] 192.0
[5, 7, 20, 22] 128.0
[5, 7, 21, 23] 64.0
[5, 8, 9, 12] 320.0
[5, 8, 10, 13] 320.0
[5, 8, 11, 14] 320.0
[5, 8, 12, 15] 320.0
[5, 8, 13, 16] 320.0
[5, 8, 14, 17] 320.0
[5, 8, 15, 18] 320.0
[5, 8, 16, 19] 320.0
[5, 8, 17, 20] 256.0
[5, 8, 18, 21] 192.0
[5, 8, 19, 22] 128.0
[5, 8, 20, 23] 64.0
[5, 9, 10, 14] 320.0
[5, 9, 11, 15] 320.0
[5, 9, 12, 16] 320.0
[5, 9, 13, 17] 320.0
[5, 9, 14, 18] 320.0
[5, 9, 15, 19] 320.0
[5, 9, 16, 20] 256.0
[5, 9, 17, 21] 192.0
[5, 9, 18, 22] 128.0
[5, 9, 19, 23] 64.0
[5, 10, 11, 16] 320.0
[5, 10, 12, 17] 320.0
[5, 10, 13, 18] 320.0
[5, 10, 14, 19] 320.0
[5, 10, 15, 20] 256.0
[5, 10, 16, 21] 192.0
[5, 10, 17, 22] 128.0
[5, 10, 18, 23] 64.0
[5, 11, 12, 18] 320.0
[5, 11, 13, 19] 320.0
[5, 11, 14, 20] 256.0
[5, 11, 15, 21] 192.0
[5, 11, 16, 22] 128.0
[5, 11, 17, 23] 64.0
[5, 12, 13, 20] 256.0
[5, 12, 14, 21] 192.0
[5, 12, 15, 22] 128.0
[5, 12, 16, 23] 64.0
[5, 13, 14, 22] 128.0
[5, 13, 15, 23] 64.0
[6, 7, 8, 9] 384.0
[6, 7, 9, 10] 384.0
[6, 7, 10, 11] 384.0
[6, 7, 11, 12] 384.0
[6, 7, 12, 13] 384.0
[6, 7, 13, 14] 384.0
[6, 7, 14, 15] 384.0
[6, 7, 15, 16] 384.0
[6, 7, 16, 17] 384.0
[6, 7, 17, 18] 384.0
[6, 7, 18, 19] 384.0
[6, 7, 19, 20] 320.0
[6, 7, 20, 21] 256.0
[6, 7, 21, 22] 192.0
[6, 7, 22, 23] 128.0
[6, 7, 23, 24] 64.0
[6, 8, 9, 11] 384.0
[6, 8, 10, 12] 384.0
[6, 8, 11, 13] 384.0
[6, 8, 12, 14] 384.0
[6, 8, 13, 15] 384.0
[6, 8, 14, 16] 384.0
[6, 8, 15, 17] 384.0
[6, 8, 16, 18] 384.0
[6, 8, 17, 19] 384.0
[6, 8, 18, 20] 320.0
[6, 8, 19, 21] 256.0
[6, 8, 20, 22] 192.0
[6, 8, 21, 23] 128.0
[6, 8, 22, 24] 64.0
[6, 9, 10, 13] 384.0
[6, 9, 11, 14] 384.0
[6, 9, 12, 15] 384.0
[6, 9, 13, 16] 384.0
[6, 9, 14, 17] 384.0
[6, 9, 15, 18] 384.0
[6, 9, 16, 19] 384.0
[6, 9, 17, 20] 320.0
[6, 9, 18, 21] 256.0
[6, 9, 19, 22] 192.0
[6, 9, 20, 23] 128.0
[6, 9, 21, 24] 64.0
[6, 10, 11, 15] 384.0
[6, 10, 12, 16] 384.0
[6, 10, 13, 17] 384.0
[6, 10, 14, 18] 384.0
[6, 10, 15, 19] 384.0
[6, 10, 16, 20] 320.0
[6, 10, 17, 21] 256.0
[6, 10, 18, 22] 192.0
[6, 10, 19, 23] 128.0
[6, 10, 20, 24] 64.0
[6, 11, 12, 17] 384.0
[6, 11, 13, 18] 384.0
[6, 11, 14, 19] 384.0
[6, 11, 15, 20] 320.0
[6, 11, 16, 21] 256.0
[6, 11, 17, 22] 192.0
[6, 11, 18, 23] 128.0
[6, 11, 19, 24] 64.0
[6, 12, 13, 19] 384.0
[6, 12, 14, 20] 320.0
[6, 12, 15, 21] 256.0
[6, 12, 16, 22] 192.0
[6, 12, 17, 23] 128.0
[6, 12, 18, 24] 64.0
[6, 13, 14, 21] 256.0
[6, 13, 15, 22] 192.0
[6, 13, 16, 23] 128.0
[6, 13, 17, 24] 64.0
[6, 14, 15, 23] 128.0
[6, 14, 16, 24] 64.0
[7, 8, 9, 10] 448.0
[7, 8, 10, 11] 448.0
[7, 8, 11, 12] 448.0
[7, 8, 12, 13] 448.0
[7, 8, 13, 14] 448.0
[7, 8, 14, 15] 448.0
[7, 8, 15, 16] 448.0
[7, 8, 16, 17] 448.0
[7, 8, 17, 18] 448.0
[7, 8, 18, 19] 448.0
[7, 8, 19, 20] 384.0
[7, 8, 20, 21] 320.0
[7, 8, 21, 22] 256.0
[7, 8, 22, 23] 192.0
[7, 8, 23, 24] 128.0
[7, 8, 24, 25] 64.0
[7, 9, 10, 12] 448.0
[7, 9, 11, 13] 448.0
[7, 9, 12, 14] 448.0
[7, 9, 13, 15] 448.0
[7, 9, 14, 16] 448.0
[7, 9, 15, 17] 448.0
[7, 9, 16, 18] 448.0
[7, 9, 17, 19] 448.0
[7, 9, 18, 20] 384.0
[7, 9, 19, 21] 320.0
[7, 9, 20, 22] 256.0
[7, 9, 21, 23] 192.0
[7, 9, 22, 24] 128.0
[7, 9, 23, 25] 64.0
[7, 10, 11, 14] 448.0
[7, 10, 12, 15] 448.0
[7, 10, 13, 16] 448.0
[7, 10, 14, 17] 448.0
[7, 10, 15, 18] 448.0
[7, 10, 16, 19] 448.0
[7, 10, 17, 20] 384.0
[7, 10, 18, 21] 320.0
[7, 10, 19, 22] 256.0
[7, 10, 20, 23] 192.0
[7, 10, 21, 24] 128.0
[7, 10, 22, 25] 64.0
[7, 11, 12, 16] 448.0
[7, 11, 13, 17] 448.0
[7, 11, 14, 18] 448.0
[7, 11, 15, 19] 448.0
[7, 11, 16, 20] 384.0
[7, 11, 17, 21] 320.0
[7, 11, 18, 22] 256.0
[7, 11, 19, 23] 192.0
[7, 11, 20, 24] 128.0
[7, 11, 21, 25] 64.0
[7, 12, 13, 18] 448.0
[7, 12, 14, 19] 448.0
[7, 12, 15, 20] 384.0
[7, 12, 16, 21] 320.0
[7, 12, 17, 22] 256.0
[7, 12, 18, 23] 192.0
[7, 12, 19, 24] 128.0
[7, 12, 20, 25] 64.0
[7, 13, 14, 20] 384.0
[7, 13, 15, 21] 320.0
[7, 13, 16, 22] 256.0
[7, 13, 17, 23] 192.0
[7, 13, 18, 24] 128.0
[7, 13, 19, 25] 64.0
[7, 14, 15, 22] 256.0
[7, 14, 16, 23] 192.0
[7, 14, 17, 24] 128.0
[7, 14, 18, 25] 64.0
[7, 15, 16, 24] 128.0
[7, 15, 17, 25] 64.0
[8, 9, 10, 11] 448.0
[8, 9, 11, 12] 448.0
[8, 9, 12, 13] 448.0
[8, 9, 13, 14] 448.0
[8, 9, 14, 15] 512.0
[8, 9, 15, 16] 512.0
[8, 9, 16, 17] 512.0
[8, 9, 17, 18] 512.0
[8, 9, 18, 19] 448.0
[8, 9, 19, 20] 384.0
[8, 9, 20, 21] 320.0
[8, 9, 21, 22] 256.0
[8, 9, 22, 23] 192.0
[8, 9, 23, 24] 128.0
[8, 9, 24, 25] 64.0
[8, 10, 11, 13] 448.0
[8, 10, 12, 14] 448.0
[8, 10, 13, 15] 512.0
[8, 10, 14, 16] 512.0
[8, 10, 15, 17] 512.0
[8, 10, 16, 18] 512.0
[8, 10, 17, 19] 448.0
[8, 10, 18, 20] 384.0
[8, 10, 19, 21] 320.0
[8, 10, 20, 22] 256.0
[8, 10, 21, 23] 192.0
[8, 10, 22, 24] 128.0
[8, 10, 23, 25] 64.0
[8, 11, 12, 15] 512.0
[8, 11, 13, 16] 512.0
[8, 11, 14, 17] 512.0
[8, 11, 15, 18] 512.0
[8, 11, 16, 19] 448.0
[8, 11, 17, 20] 384.0
[8, 11, 18, 21] 320.0
[8, 11, 19, 22] 256.0
[8, 11, 20, 23] 192.0
[8, 11, 21, 24] 128.0
[8, 11, 22, 25] 64.0
[8, 12, 13, 17] 512.0
[8, 12, 14, 18] 512.0
[8, 12, 15, 19] 448.0
[8, 12, 16, 20] 384.0
[8, 12, 17, 21] 320.0
[8, 12, 18, 22] 256.0
[8, 12, 19, 23] 192.0
[8, 12, 20, 24] 128.0
[8, 12, 21, 25] 64.0
[8, 13, 14, 19] 448.0
[8, 13, 15, 20] 384.0
[8, 13, 16, 21] 320.0
[8, 13, 17, 22] 256.0
[8, 13, 18, 23] 192.0
[8, 13, 19, 24] 128.0
[8, 13, 20, 25] 64.0
[8, 14, 15, 21] 320.0
[8, 14, 16, 22] 256.0
[8, 14, 17, 23] 192.0
[8, 14, 18, 24] 128.0
[8, 14, 19, 25] 64.0
[8, 15, 16, 23] 192.0
[8, 15, 17, 24] 128.0
[8, 15, 18, 25] 64.0
[8, 16, 17, 25] 64.0
[9, 10, 11, 12] 448.0
[9, 10, 12, 13] 448.0
[9, 10, 13, 14] 448.0
[9, 10, 14, 15] 448.0
[9, 10, 15, 16] 576.0
[9, 10, 16, 17] 576.0
[9, 10, 17, 18] 512.0
[9, 10, 18, 19] 448.0
[9, 10, 19, 20] 384.0
[9, 10, 20, 21] 320.0
[9, 10, 21, 22] 256.0
[9, 10, 22, 23] 192.0
[9, 10, 23, 24] 128.0
[9, 10, 24, 25] 64.0
[9, 11, 12, 14] 448.0
[9, 11, 13, 15] 448.0
[9, 11, 14, 16] 576.0
[9, 11, 15, 17] 576.0
[9, 11, 16, 18] 512.0
[9, 11, 17, 19] 448.0
[9, 11, 18, 20] 384.0
[9, 11, 19, 21] 320.0
[9, 11, 20, 22] 256.0
[9, 11, 21, 23] 192.0
[9, 11, 22, 24] 128.0
[9, 11, 23, 25] 64.0
[9, 12, 13, 16] 576.0
[9, 12, 14, 17] 576.0
[9, 12, 15, 18] 512.0
[9, 12, 16, 19] 448.0
[9, 12, 17, 20] 384.0
[9, 12, 18, 21] 320.0
[9, 12, 19, 22] 256.0
[9, 12, 20, 23] 192.0
[9, 12, 21, 24] 128.0
[9, 12, 22, 25] 64.0
[9, 13, 14, 18] 512.0
[9, 13, 15, 19] 448.0
[9, 13, 16, 20] 384.0
[9, 13, 17, 21] 320.0
[9, 13, 18, 22] 256.0
[9, 13, 19, 23] 192.0
[9, 13, 20, 24] 128.0
[9, 13, 21, 25] 64.0
[9, 14, 15, 20] 384.0
[9, 14, 16, 21] 320.0
[9, 14, 17, 22] 256.0
[9, 14, 18, 23] 192.0
[9, 14, 19, 24] 128.0
[9, 14, 20, 25] 64.0
[9, 15, 16, 22] 256.0
[9, 15, 17, 23] 192.0
[9, 15, 18, 24] 128.0
[9, 15, 19, 25] 64.0
[9, 16, 17, 24] 128.0
[9, 16, 18, 25] 64.0
[10, 11, 12, 13] 448.0
[10, 11, 13, 14] 448.0
[10, 11, 14, 15] 448.0
[10, 11, 15, 16] 448.0
[10, 11, 16, 17] 576.0
[10, 11, 17, 18] 512.0
[10, 11, 18, 19] 448.0
[10, 11, 19, 20] 384.0
[10, 11, 20, 21] 320.0
[10, 11, 21, 22] 256.0
[10, 11, 22, 23] 192.0
[10, 11, 23, 24] 128.0
[10, 11, 24, 25] 64.0
[10, 12, 13, 15] 448.0
[10, 12, 14, 16] 448.0
[10, 12, 15, 17] 576.0
[10, 12, 16, 18] 512.0
[10, 12, 17, 19] 448.0
[10, 12, 18, 20] 384.0
[10, 12, 19, 21] 320.0
[10, 12, 20, 22] 256.0
[10, 12, 21, 23] 192.0
[10, 12, 22, 24] 128.0
[10, 12, 23, 25] 64.0
[10, 13, 14, 17] 576.0
[10, 13, 15, 18] 512.0
[10, 13, 16, 19] 448.0
[10, 13, 17, 20] 384.0
[10, 13, 18, 21] 320.0
[10, 13, 19, 22] 256.0
[10, 13, 20, 23] 192.0
[10, 13, 21, 24] 128.0
[10, 13, 22, 25] 64.0
[10, 14, 15, 19] 448.0
[10, 14, 16, 20] 384.0
[10, 14, 17, 21] 320.0
[10, 14, 18, 22] 256.0
[10, 14, 19, 23] 192.0
[10, 14, 20, 24] 128.0
[10, 14, 21, 25] 64.0
[10, 15, 16, 21] 320.0
[10, 15, 17, 22] 256.0
[10, 15, 18, 23] 192.0
[10, 15, 19, 24] 128.0
[10, 15, 20, 25] 64.0
[10, 16, 17, 23] 192.0
[10, 16, 18, 24] 128.0
[10, 16, 19, 25] 64.0
[10, 17, 18, 25] 64.0
[11, 12, 13, 14] 448.0
[11, 12, 14, 15] 448.0
[11, 12, 15, 16] 448.0
[11, 12, 16, 17] 448.0
[11, 12, 17, 18] 512.0
[11, 12, 18, 19] 448.0
[11, 12, 19, 20] 384.0
[11, 12, 20, 21] 320.0
[11, 12, 21, 22] 256.0
[11, 12, 22, 23] 192.0
[11, 12, 23, 24] 128.0
[11, 12, 24, 25] 64.0
[11, 13, 14, 16] 448.0
[11, 13, 15, 17] 448.0
[11, 13, 16, 18] 512.0
[11, 13, 17, 19] 448.0
[11, 13, 18, 20] 384.0
[11, 13, 19, 21] 320.0
[11, 13, 20, 22] 256.0
[11, 13, 21, 23] 192.0
[11, 13, 22, 24] 128.0
[11, 13, 23, 25] 64.0
[11, 14, 15, 18] 512.0
[11, 14, 16, 19] 448.0
[11, 14, 17, 20] 384.0
[11, 14, 18, 21] 320.0
[11, 14, 19, 22] 256.0
[11, 14, 20, 23] 192.0
[11, 14, 21, 24] 128.0
[11, 14, 22, 25] 64.0
[11, 15, 16, 20] 384.0
[11, 15, 17, 21] 320.0
[11, 15, 18, 22] 256.0
[11, 15, 19, 23] 192.0
[11, 15, 20, 24] 128.0
[11, 15, 21, 25] 64.0
[11, 16, 17, 22] 256.0
[11, 16, 18, 23] 192.0
[11, 16, 19, 24] 128.0
[11, 16, 20, 25] 64.0
[11, 17, 18, 24] 128.0
[11, 17, 19, 25] 64.0
[12, 13, 14, 15] 448.0
[12, 13, 15, 16] 448.0
[12, 13, 16, 17] 448.0
[12, 13, 17, 18] 448.0
[12, 13, 18, 19] 448.0
[12, 13, 19, 20] 384.0
[12, 13, 20, 21] 320.0
[12, 13, 21, 22] 256.0
[12, 13, 22, 23] 192.0
[12, 13, 23, 24] 128.0
[12, 13, 24, 25] 64.0
[12, 14, 15, 17] 448.0
[12, 14, 16, 18] 448.0
[12, 14, 17, 19] 448.0
[12, 14, 18, 20] 384.0
[12, 14, 19, 21] 320.0
[12, 14, 20, 22] 256.0
[12, 14, 21, 23] 192.0
[12, 14, 22, 24] 128.0
[12, 14, 23, 25] 64.0
[12, 15, 16, 19] 448.0
[12, 15, 17, 20] 384.0
[12, 15, 18, 21] 320.0
[12, 15, 19, 22] 256.0
[12, 15, 20, 23] 192.0
[12, 15, 21, 24] 128.0
[12, 15, 22, 25] 64.0
[12, 16, 17, 21] 320.0
[12, 16, 18, 22] 256.0
[12, 16, 19, 23] 192.0
[12, 16, 20, 24] 128.0
[12, 16, 21, 25] 64.0
[12, 17, 18, 23] 192.0
[12, 17, 19, 24] 128.0
[12, 17, 20, 25] 64.0
[12, 18, 19, 25] 64.0
[13, 14, 15, 16] 448.0
[13, 14, 16, 17] 448.0
[13, 14, 17, 18] 448.0
[13, 14, 18, 19] 448.0
[13, 14, 19, 20] 384.0
[13, 14, 20, 21] 320.0
[13, 14, 21, 22] 256.0
[13, 14, 22, 23] 192.0
[13, 14, 23, 24] 128.0
[13, 14, 24, 25] 64.0
[13, 15, 16, 18] 448.0
[13, 15, 17, 19] 448.0
[13, 15, 18, 20] 384.0
[13, 15, 19, 21] 320.0
[13, 15, 20, 22] 256.0
[13, 15, 21, 23] 192.0
[13, 15, 22, 24] 128.0
[13, 15, 23, 25] 64.0
[13, 16, 17, 20] 384.0
[13, 16, 18, 21] 320.0
[13, 16, 19, 22] 256.0
[13, 16, 20, 23] 192.0
[13, 16, 21, 24] 128.0
[13, 16, 22, 25] 64.0
[13, 17, 18, 22] 256.0
[13, 17, 19, 23] 192.0
[13, 17, 20, 24] 128.0
[13, 17, 21, 25] 64.0
[13, 18, 19, 24] 128.0
[13, 18, 20, 25] 64.0
[14, 15, 16, 17] 448.0
[14, 15, 17, 18] 448.0
[14, 15, 18, 19] 448.0
[14, 15, 19, 20] 384.0
[14, 15, 20, 21] 320.0
[14, 15, 21, 22] 256.0
[14, 15, 22, 23] 192.0
[14, 15, 23, 24] 128.0
[14, 15, 24, 25] 64.0
[14, 16, 17, 19] 448.0
[14, 16, 18, 20] 384.0
[14, 16, 19, 21] 320.0
[14, 16, 20, 22] 256.0
[14, 16, 21, 23] 192.0
[14, 16, 22, 24] 128.0
[14, 16, 23, 25] 64.0
[14, 17, 18, 21] 320.0
[14, 17, 19, 22] 256.0
[14, 17, 20, 23] 192.0
[14, 17, 21, 24] 128.0
[14, 17, 22, 25] 64.0
[14, 18, 19, 23] 192.0
[14, 18, 20, 24] 128.0
[14, 18, 21, 25] 64.0
[14, 19, 20, 25] 64.0
[15, 16, 17, 18] 448.0
[15, 16, 18, 19] 448.0
[15, 16, 19, 20] 384.0
[15, 16, 20, 21] 320.0
[15, 16, 21, 22] 256.0
[15, 16, 22, 23] 192.0
[15, 16, 23, 24] 128.0
[15, 16, 24, 25] 64.0
[15, 17, 18, 20] 384.0
[15, 17, 19, 21] 320.0
[15, 17, 20, 22] 256.0
[15, 17, 21, 23] 192.0
[15, 17, 22, 24] 128.0
[15, 17, 23, 25] 64.0
[15, 18, 19, 22] 256.0
[15, 18, 20, 23] 192.0
[15, 18, 21, 24] 128.0
[15, 18, 22, 25] 64.0
[15, 19, 20, 24] 128.0
[15, 19, 21, 25] 64.0
[16, 17, 18, 19] 448.0
[16, 17, 19, 20] 384.0
[16, 17, 20, 21] 320.0
[16, 17, 21, 22] 256.0
[16, 17, 22, 23] 192.0
[16, 17, 23, 24] 128.0
[16, 17, 24, 25] 64.0
[16, 18, 19, 21] 320.0
[16, 18, 20, 22] 256.0
[16, 18, 21, 23] 192.0
[16, 18, 22, 24] 128.0
[16, 18, 23, 25] 64.0
[16, 19, 20, 23] 192.0
[16, 19, 21, 24] 128.0
[16, 19, 22, 25] 64.0
[16, 20, 21, 25] 64.0
[17, 18, 19, 20] 384.0
[17, 18, 20, 21] 320.0
[17, 18, 21, 22] 256.0
[17, 18, 22, 23] 192.0
[17, 18, 23, 24] 128.0
[17, 18, 24, 25] 64.0
[17, 19, 20, 22] 256.0
[17, 19, 21, 23] 192.0
[17, 19, 22, 24] 128.0
[17, 19, 23, 25] 64.0
[17, 20, 21, 24] 128.0
[17, 20, 22, 25] 64.0
[18, 19, 20, 21] 320.0
[18, 19, 21, 22] 256.0
[18, 19, 22, 23] 192.0
[18, 19, 23, 24] 128.0
[18, 19, 24, 25] 64.0
[18, 20, 21, 23] 192.0
[18, 20, 22, 24] 128.0
[18, 20, 23, 25] 64.0
[18, 21, 22, 25] 64.0
[19, 20, 21, 22] 256.0
[19, 20, 22, 23] 192.0
[19, 20, 23, 24] 128.0
[19, 20, 24, 25] 64.0
[19, 21, 22, 24] 128.0
[19, 21, 23, 25] 64.0
[20, 21, 22, 23] 192.0
[20, 21, 23, 24] 128.0
[20, 21, 24, 25] 64.0
[20, 22, 23, 25] 64.0
[21, 22, 23, 24] 128.0
[21, 22, 24, 25] 64.0
[22, 23, 24, 25] 64.0
[1, 2, 3] -32.0
[1, 2, 4] -64.0
[1, 2, 5] -64.0
[1, 2, 6] -64.0
[1, 2, 7] -64.0
[1, 2, 8] -64.0
[1, 2, 9] -64.0
[1, 2, 10] -64.0
[1, 2, 11] -64.0
[1, 2, 12] -64.0
[1, 2, 13] -64.0
[1, 2, 14] -64.0
[1, 2, 15] -64.0
[1, 2, 16] -64.0
[1, 2, 17] -64.0
[1, 2, 18] -64.0
[1, 2, 19] -32.0
[1, 3, 4] -64.0
[1, 3, 5] -32.0
[1, 3, 6] -64.0
[1, 3, 7] -64.0
[1, 3, 8] -64.0
[1, 3, 9] -64.0
[1, 3, 10] -64.0
[1, 3, 11] -64.0
[1, 3, 12] -64.0
[1, 3, 13] -64.0
[1, 3, 14] -64.0
[1, 3, 15] -64.0
[1, 3, 16] -64.0
[1, 3, 17] -64.0
[1, 3, 18] -32.0
[1, 3, 19] -32.0
[1, 4, 5] -64.0
[1, 4, 6] -64.0
[1, 4, 7] -32.0
[1, 4, 8] -64.0
[1, 4, 9] -64.0
[1, 4, 10] -64.0
[1, 4, 11] -64.0
[1, 4, 12] -64.0
[1, 4, 13] -64.0
[1, 4, 14] -64.0
[1, 4, 15] -64.0
[1, 4, 16] -64.0
[1, 4, 17] -32.0
[1, 4, 18] -32.0
[1, 4, 19] -32.0
[1, 5, 6] -64.0
[1, 5, 7] -64.0
[1, 5, 8] -64.0
[1, 5, 9] -32.0
[1, 5, 10] -64.0
[1, 5, 11] -64.0
[1, 5, 12] -64.0
[1, 5, 13] -64.0
[1, 5, 14] -64.0
[1, 5, 15] -64.0
[1, 5, 16] -32.0
[1, 5, 17] -32.0
[1, 5, 18] -32.0
[1, 5, 19] -32.0
[1, 6, 7] -64.0
[1, 6, 8] -64.0
[1, 6, 9] -64.0
[1, 6, 10] -64.0
[1, 6, 11] -32.0
[1, 6, 12] -64.0
[1, 6, 13] -64.0
[1, 6, 14] -64.0
[1, 6, 15] -32.0
[1, 6, 16] -32.0
[1, 6, 17] -32.0
[1, 6, 18] -32.0
[1, 6, 19] -32.0
[1, 7, 8] -64.0
[1, 7, 9] -64.0
[1, 7, 10] -64.0
[1, 7, 11] -64.0
[1, 7, 12] -64.0
[1, 7, 13] -32.0
[1, 7, 14] -32.0
[1, 7, 15] -32.0
[1, 7, 16] -32.0
[1, 7, 17] -32.0
[1, 7, 18] -32.0
[1, 7, 19] -32.0
[1, 8, 9] -64.0
[1, 8, 10] -64.0
[1, 8, 11] -64.0
[1, 8, 12] -64.0
[1, 8, 13] -32.0
[1, 8, 14] -32.0
[1, 8, 16] -32.0
[1, 8, 17] -32.0
[1, 8, 18] -32.0
[1, 8, 19] -32.0
[1, 9, 10] -64.0
[1, 9, 11] -64.0
[1, 9, 12] -32.0
[1, 9, 13] -32.0
[1, 9, 14] -32.0
[1, 9, 15] -32.0
[1, 9, 16] -32.0
[1, 9, 18] -32.0
[1, 9, 19] -32.0
[1, 10, 11] -32.0
[1, 10, 12] -32.0
[1, 10, 13] -32.0
[1, 10, 14] -32.0
[1, 10, 15] -32.0
[1, 10, 16] -32.0
[1, 10, 17] -32.0
[1, 10, 18] -32.0
[1, 11, 12] -32.0
[1, 11, 13] -32.0
[1, 11, 14] -32.0
[1, 11, 15] -32.0
[1, 11, 16] -32.0
[1, 11, 17] -32.0
[1, 11, 18] -32.0
[1, 11, 19] -32.0
[1, 12, 13] -32.0
[1, 12, 14] -32.0
[1, 12, 15] -32.0
[1, 12, 16] -32.0
[1, 12, 17] -32.0
[1, 12, 18] -32.0
[1, 12, 19] -32.0
[1, 13, 14] -32.0
[1, 13, 15] -32.0
[1, 13, 16] -32.0
[1, 13, 17] -32.0
[1, 13, 18] -32.0
[1, 13, 19] -32.0
[1, 14, 15] -32.0
[1, 14, 16] -32.0
[1, 14, 17] -32.0
[1, 14, 18] -32.0
[1, 14, 19] -32.0
[1, 15, 16] -32.0
[1, 15, 17] -32.0
[1, 15, 18] -32.0
[1, 15, 19] -32.0
[1, 16, 17] -32.0
[1, 16, 18] -32.0
[1, 16, 19] -32.0
[1, 17, 18] -32.0
[1, 17, 19] -32.0
[1, 18, 19] -32.0
[2, 3, 4] -96.0
[2, 3, 5] -128.0
[2, 3, 6] -128.0
[2, 3, 7] -128.0
[2, 3, 8] -128.0
[2, 3, 9] -128.0
[2, 3, 10] -128.0
[2, 3, 11] -128.0
[2, 3, 12] -128.0
[2, 3, 13] -128.0
[2, 3, 14] -128.0
[2, 3, 15] -128.0
[2, 3, 16] -128.0
[2, 3, 17] -128.0
[2, 3, 18] -128.0
[2, 3, 19] -96.0
[2, 3, 20] -32.0
[2, 4, 5] -160.0
[2, 4, 6] -64.0
[2, 4, 7] -128.0
[2, 4, 8] -128.0
[2, 4, 9] -128.0
[2, 4, 10] -128.0
[2, 4, 11] -128.0
[2, 4, 12] -128.0
[2, 4, 13] -128.0
[2, 4, 14] -128.0
[2, 4, 15] -128.0
[2, 4, 16] -128.0
[2, 4, 17] -128.0
[2, 4, 18] -96.0
[2, 4, 19] -64.0
[2, 4, 20] -32.0
[2, 5, 6] -160.0
[2, 5, 7] -128.0
[2, 5, 8] -64.0
[2, 5, 9] -128.0
[2, 5, 10] -128.0
[2, 5, 11] -128.0
[2, 5, 12] -128.0
[2, 5, 13] -128.0
[2, 5, 14] -128.0
[2, 5, 15] -128.0
[2, 5, 16] -128.0
[2, 5, 17] -96.0
[2, 5, 18] -64.0
[2, 5, 19] -64.0
[2, 5, 20] -32.0
[2, 6, 7] -160.0
[2, 6, 8] -128.0
[2, 6, 9] -128.0
[2, 6, 10] -64.0
[2, 6, 11] -128.0
[2, 6, 12] -128.0
[2, 6, 13] -128.0
[2, 6, 14] -128.0
[2, 6, 15] -128.0
[2, 6, 16] -96.0
[2, 6, 17] -64.0
[2, 6, 18] -64.0
[2, 6, 19] -64.0
[2, 6, 20] -32.0
[2, 7, 8] -160.0
[2, 7, 9] -128.0
[2, 7, 10] -128.0
[2, 7, 11] -128.0
[2, 7, 12] -64.0
[2, 7, 13] -128.0
[2, 7, 14] -128.0
[2, 7, 15] -96.0
[2, 7, 16] -64.0
[2, 7, 17] -64.0
[2, 7, 18] -64.0
[2, 7, 19] -64.0
[2, 7, 20] -32.0
[2, 8, 9] -160.0
[2, 8, 10] -128.0
[2, 8, 11] -128.0
[2, 8, 12] -128.0
[2, 8, 13] -128.0
[2, 8, 14] -32.0
[2, 8, 15] -64.0
[2, 8, 16] -64.0
[2, 8, 17] -64.0
[2, 8, 18] -64.0
[2, 8, 19] -64.0
[2, 8, 20] -32.0
[2, 9, 10] -160.0
[2, 9, 11] -128.0
[2, 9, 12] -128.0
[2, 9, 13] -96.0
[2, 9, 14] -64.0
[2, 9, 15] -64.0
[2, 9, 17] -64.0
[2, 9, 18] -64.0
[2, 9, 19] -64.0
[2, 9, 20] -32.0
[2, 10, 11] -160.0
[2, 10, 12] -96.0
[2, 10, 13] -64.0
[2, 10, 14] -64.0
[2, 10, 15] -64.0
[2, 10, 16] -64.0
[2, 10, 17] -64.0
[2, 10, 19] -64.0
[2, 10, 20] -32.0
[2, 11, 12] -96.0
[2, 11, 13] -64.0
[2, 11, 14] -64.0
[2, 11, 15] -64.0
[2, 11, 16] -64.0
[2, 11, 17] -64.0
[2, 11, 18] -64.0
[2, 11, 19] -64.0
[2, 12, 13] -96.0
[2, 12, 14] -64.0
[2, 12, 15] -64.0
[2, 12, 16] -64.0
[2, 12, 17] -64.0
[2, 12, 18] -64.0
[2, 12, 19] -64.0
[2, 12, 20] -32.0
[2, 13, 14] -96.0
[2, 13, 15] -64.0
[2, 13, 16] -64.0
[2, 13, 17] -64.0
[2, 13, 18] -64.0
[2, 13, 19] -64.0
[2, 13, 20] -32.0
[2, 14, 15] -96.0
[2, 14, 16] -64.0
[2, 14, 17] -64.0
[2, 14, 18] -64.0
[2, 14, 19] -64.0
[2, 14, 20] -32.0
[2, 15, 16] -96.0
[2, 15, 17] -64.0
[2, 15, 18] -64.0
[2, 15, 19] -64.0
[2, 15, 20] -32.0
[2, 16, 17] -96.0
[2, 16, 18] -64.0
[2, 16, 19] -64.0
[2, 16, 20] -32.0
[2, 17, 18] -96.0
[2, 17, 19] -64.0
[2, 17, 20] -32.0
[2, 18, 19] -96.0
[2, 18, 20] -32.0
[2, 19, 20] -32.0
[3, 4, 5] -160.0
[3, 4, 6] -224.0
[3, 4, 7] -192.0
[3, 4, 8] -192.0
[3, 4, 9] -192.0
[3, 4, 10] -192.0
[3, 4, 11] -192.0
[3, 4, 12] -192.0
[3, 4, 13] -192.0
[3, 4, 14] -192.0
[3, 4, 15] -192.0
[3, 4, 16] -192.0
[3, 4, 17] -192.0
[3, 4, 18] -192.0
[3, 4, 19] -160.0
[3, 4, 20] -96.0
[3, 4, 21] -32.0
[3, 5, 6] -256.0
[3, 5, 7] -128.0
[3, 5, 8] -192.0
[3, 5, 9] -192.0
[3, 5, 10] -192.0
[3, 5, 11] -192.0
[3, 5, 12] -192.0
[3, 5, 13] -192.0
[3, 5, 14] -192.0
[3, 5, 15] -192.0
[3, 5, 16] -192.0
[3, 5, 17] -192.0
[3, 5, 18] -160.0
[3, 5, 19] -128.0
[3, 5, 20] -64.0
[3, 5, 21] -32.0
[3, 6, 7] -256.0
[3, 6, 8] -224.0
[3, 6, 9] -96.0
[3, 6, 10] -192.0
[3, 6, 11] -192.0
[3, 6, 12] -192.0
[3, 6, 13] -192.0
[3, 6, 14] -192.0
[3, 6, 15] -192.0
[3, 6, 16] -192.0
[3, 6, 17] -160.0
[3, 6, 18] -128.0
[3, 6, 19] -96.0
[3, 6, 20] -64.0
[3, 6, 21] -32.0
[3, 7, 8] -256.0
[3, 7, 9] -224.0
[3, 7, 10] -192.0
[3, 7, 11] -96.0
[3, 7, 12] -192.0
[3, 7, 13] -192.0
[3, 7, 14] -192.0
[3, 7, 15] -192.0
[3, 7, 16] -160.0
[3, 7, 17] -128.0
[3, 7, 18] -96.0
[3, 7, 19] -96.0
[3, 7, 20] -64.0
[3, 7, 21] -32.0
[3, 8, 9] -256.0
[3, 8, 10] -224.0
[3, 8, 11] -192.0
[3, 8, 12] -192.0
[3, 8, 13] -96.0
[3, 8, 14] -192.0
[3, 8, 15] -160.0
[3, 8, 16] -128.0
[3, 8, 17] -96.0
[3, 8, 18] -96.0
[3, 8, 19] -96.0
[3, 8, 20] -64.0
[3, 8, 21] -32.0
[3, 9, 10] -256.0
[3, 9, 11] -224.0
[3, 9, 12] -192.0
[3, 9, 13] -192.0
[3, 9, 14] -160.0
[3, 9, 15] -32.0
[3, 9, 16] -96.0
[3, 9, 17] -96.0
[3, 9, 18] -96.0
[3, 9, 19] -96.0
[3, 9, 20] -64.0
[3, 9, 21] -32.0
[3, 10, 11] -256.0
[3, 10, 12] -224.0
[3, 10, 13] -160.0
[3, 10, 14] -128.0
[3, 10, 15] -96.0
[3, 10, 16] -96.0
[3, 10, 18] -96.0
[3, 10, 19] -96.0
[3, 10, 20] -64.0
[3, 10, 21] -32.0
[3, 11, 12] -224.0
[3, 11, 13] -160.0
[3, 11, 14] -96.0
[3, 11, 15] -96.0
[3, 11, 16] -96.0
[3, 11, 17] -96.0
[3, 11, 18] -96.0
[3, 11, 20] -64.0
[3, 11, 21] -32.0
[3, 12, 13] -160.0
[3, 12, 14] -128.0
[3, 12, 15] -96.0
[3, 12, 16] -96.0
[3, 12, 17] -96.0
[3, 12, 18] -96.0
[3, 12, 19] -96.0
[3, 12, 20] -64.0
[3, 13, 14] -160.0
[3, 13, 15] -128.0
[3, 13, 16] -96.0
[3, 13, 17] -96.0
[3, 13, 18] -96.0
[3, 13, 19] -96.0
[3, 13, 20] -64.0
[3, 13, 21] -32.0
[3, 14, 15] -160.0
[3, 14, 16] -128.0
[3, 14, 17] -96.0
[3, 14, 18] -96.0
[3, 14, 19] -96.0
[3, 14, 20] -64.0
[3, 14, 21] -32.0
[3, 15, 16] -160.0
[3, 15, 17] -128.0
[3, 15, 18] -96.0
[3, 15, 19] -96.0
[3, 15, 20] -64.0
[3, 15, 21] -32.0
[3, 16, 17] -160.0
[3, 16, 18] -128.0
[3, 16, 19] -96.0
[3, 16, 20] -64.0
[3, 16, 21] -32.0
[3, 17, 18] -160.0
[3, 17, 19] -128.0
[3, 17, 20] -64.0
[3, 17, 21] -32.0
[3, 18, 19] -160.0
[3, 18, 20] -64.0
[3, 18, 21] -32.0
[3, 19, 20] -96.0
[3, 19, 21] -32.0
[3, 20, 21] -32.0
[4, 5, 6] -224.0
[4, 5, 7] -320.0
[4, 5, 8] -288.0
[4, 5, 9] -256.0
[4, 5, 10] -256.0
[4, 5, 11] -256.0
[4, 5, 12] -256.0
[4, 5, 13] -256.0
[4, 5, 14] -256.0
[4, 5, 15] -256.0
[4, 5, 16] -256.0
[4, 5, 17] -256.0
[4, 5, 18] -256.0
[4, 5, 19] -224.0
[4, 5, 20] -160.0
[4, 5, 21] -96.0
[4, 5, 22] -32.0
[4, 6, 7] -352.0
[4, 6, 8] -192.0
[4, 6, 9] -288.0
[4, 6, 10] -256.0
[4, 6, 11] -256.0
[4, 6, 12] -256.0
[4, 6, 13] -256.0
[4, 6, 14] -256.0
[4, 6, 15] -256.0
[4, 6, 16] -256.0
[4, 6, 17] -256.0
[4, 6, 18] -224.0
[4, 6, 19] -192.0
[4, 6, 20] -128.0
[4, 6, 21] -64.0
[4, 6, 22] -32.0
[4, 7, 8] -352.0
[4, 7, 9] -320.0
[4, 7, 10] -160.0
[4, 7, 11] -256.0
[4, 7, 12] -256.0
[4, 7, 13] -256.0
[4, 7, 14] -256.0
[4, 7, 15] -256.0
[4, 7, 16] -256.0
[4, 7, 17] -224.0
[4, 7, 18] -192.0
[4, 7, 19] -160.0
[4, 7, 20] -96.0
[4, 7, 21] -64.0
[4, 7, 22] -32.0
[4, 8, 9] -352.0
[4, 8, 10] -320.0
[4, 8, 11] -288.0
[4, 8, 12] -128.0
[4, 8, 13] -256.0
[4, 8, 14] -256.0
[4, 8, 15] -256.0
[4, 8, 16] -224.0
[4, 8, 17] -192.0
[4, 8, 18] -160.0
[4, 8, 19] -128.0
[4, 8, 20] -96.0
[4, 8, 21] -64.0
[4, 8, 22] -32.0
[4, 9, 10] -352.0
[4, 9, 11] -320.0
[4, 9, 12] -288.0
[4, 9, 13] -256.0
[4, 9, 14] -128.0
[4, 9, 15] -224.0
[4, 9, 16] -192.0
[4, 9, 17] -160.0
[4, 9, 18] -128.0
[4, 9, 19] -128.0
[4, 9, 20] -96.0
[4, 9, 21] -64.0
[4, 9, 22] -32.0
[4, 10, 11] -352.0
[4, 10, 12] -320.0
[4, 10, 13] -288.0
[4, 10, 14] -224.0
[4, 10, 15] -192.0
[4, 10, 16] -32.0
[4, 10, 17] -128.0
[4, 10, 18] -128.0
[4, 10, 19] -128.0
[4, 10, 20] -96.0
[4, 10, 21] -64.0
[4, 10, 22] -32.0
[4, 11, 12] -352.0
[4, 11, 13] -288.0
[4, 11, 14] -224.0
[4, 11, 15] -160.0
[4, 11, 16] -128.0
[4, 11, 17] -128.0
[4, 11, 19] -128.0
[4, 11, 20] -96.0
[4, 11, 21] -64.0
[4, 11, 22] -32.0
[4, 12, 13] -288.0
[4, 12, 14] -224.0
[4, 12, 15] -160.0
[4, 12, 16] -128.0
[4, 12, 17] -128.0
[4, 12, 18] -128.0
[4, 12, 19] -128.0
[4, 12, 21] -64.0
[4, 12, 22] -32.0
[4, 13, 14] -224.0
[4, 13, 15] -192.0
[4, 13, 16] -160.0
[4, 13, 17] -128.0
[4, 13, 18] -128.0
[4, 13, 19] -128.0
[4, 13, 20] -96.0
[4, 13, 21] -64.0
[4, 14, 15] -224.0
[4, 14, 16] -192.0
[4, 14, 17] -160.0
[4, 14, 18] -128.0
[4, 14, 19] -128.0
[4, 14, 20] -96.0
[4, 14, 21] -64.0
[4, 14, 22] -32.0
[4, 15, 16] -224.0
[4, 15, 17] -192.0
[4, 15, 18] -160.0
[4, 15, 19] -128.0
[4, 15, 20] -96.0
[4, 15, 21] -64.0
[4, 15, 22] -32.0
[4, 16, 17] -224.0
[4, 16, 18] -192.0
[4, 16, 19] -160.0
[4, 16, 20] -96.0
[4, 16, 21] -64.0
[4, 16, 22] -32.0
[4, 17, 18] -224.0
[4, 17, 19] -192.0
[4, 17, 20] -96.0
[4, 17, 21] -64.0
[4, 17, 22] -32.0
[4, 18, 19] -224.0
[4, 18, 20] -128.0
[4, 18, 21] -64.0
[4, 18, 22] -32.0
[4, 19, 20] -160.0
[4, 19, 21] -64.0
[4, 19, 22] -32.0
[4, 20, 21] -96.0
[4, 20, 22] -32.0
[4, 21, 22] -32.0
[5, 6, 7] -288.0
[5, 6, 8] -416.0
[5, 6, 9] -384.0
[5, 6, 10] -352.0
[5, 6, 11] -320.0
[5, 6, 12] -320.0
[5, 6, 13] -320.0
[5, 6, 14] -320.0
[5, 6, 15] -320.0
[5, 6, 16] -320.0
[5, 6, 17] -320.0
[5, 6, 18] -320.0
[5, 6, 19] -288.0
[5, 6, 20] -224.0
[5, 6, 21] -160.0
[5, 6, 22] -96.0
[5, 6, 23] -32.0
[5, 7, 8] -448.0
[5, 7, 9] -256.0
[5, 7, 10] -384.0
[5, 7, 11] -352.0
[5, 7, 12] -320.0
[5, 7, 13] -320.0
[5, 7, 14] -320.0
[5, 7, 15] -320.0
[5, 7, 16] -320.0
[5, 7, 17] -320.0
[5, 7, 18] -288.0
[5, 7, 19] -256.0
[5, 7, 20] -192.0
[5, 7, 21] -128.0
[5, 7, 22] -64.0
[5, 7, 23] -32.0
[5, 8, 9] -448.0
[5, 8, 10] -416.0
[5, 8, 11] -224.0
[5, 8, 12] -352.0
[5, 8, 13] -320.0
[5, 8, 14] -320.0
[5, 8, 15] -320.0
[5, 8, 16] -320.0
[5, 8, 17] -288.0
[5, 8, 18] -256.0
[5, 8, 19] -224.0
[5, 8, 20] -160.0
[5, 8, 21] -96.0
[5, 8, 22] -64.0
[5, 8, 23] -32.0
[5, 9, 10] -448.0
[5, 9, 11] -416.0
[5, 9, 12] -384.0
[5, 9, 13] -192.0
[5, 9, 14] -320.0
[5, 9, 15] -320.0
[5, 9, 16] -288.0
[5, 9, 17] -256.0
[5, 9, 18] -224.0
[5, 9, 19] -192.0
[5, 9, 20] -128.0
[5, 9, 21] -96.0
[5, 9, 22] -64.0
[5, 9, 23] -32.0
[5, 10, 11] -448.0
[5, 10, 12] -416.0
[5, 10, 13] -384.0
[5, 10, 14] -352.0
[5, 10, 15] -128.0
[5, 10, 16] -256.0
[5, 10, 17] -224.0
[5, 10, 18] -192.0
[5, 10, 19] -160.0
[5, 10, 20] -128.0
[5, 10, 21] -96.0
[5, 10, 22] -64.0
[5, 10, 23] -32.0
[5, 11, 12] -448.0
[5, 11, 13] -416.0
[5, 11, 14] -352.0
[5, 11, 15] -288.0
[5, 11, 16] -224.0
[5, 11, 17] -32.0
[5, 11, 18] -160.0
[5, 11, 19] -160.0
[5, 11, 20] -128.0
[5, 11, 21] -96.0
[5, 11, 22] -64.0
[5, 11, 23] -32.0
[5, 12, 13] -416.0
[5, 12, 14] -352.0
[5, 12, 15] -288.0
[5, 12, 16] -224.0
[5, 12, 17] -160.0
[5, 12, 18] -160.0
[5, 12, 20] -128.0
[5, 12, 21] -96.0
[5, 12, 22] -64.0
[5, 12, 23] -32.0
[5, 13, 14] -352.0
[5, 13, 15] -288.0
[5, 13, 16] -224.0
[5, 13, 17] -192.0
[5, 13, 18] -160.0
[5, 13, 19] -160.0
[5, 13, 20] -128.0
[5, 13, 22] -64.0
[5, 13, 23] -32.0
[5, 14, 15] -288.0
[5, 14, 16] -256.0
[5, 14, 17] -224.0
[5, 14, 18] -192.0
[5, 14, 19] -160.0
[5, 14, 20] -128.0
[5, 14, 21] -96.0
[5, 14, 22] -64.0
[5, 15, 16] -288.0
[5, 15, 17] -256.0
[5, 15, 18] -224.0
[5, 15, 19] -192.0
[5, 15, 20] -128.0
[5, 15, 21] -96.0
[5, 15, 22] -64.0
[5, 15, 23] -32.0
[5, 16, 17] -288.0
[5, 16, 18] -256.0
[5, 16, 19] -224.0
[5, 16, 20] -128.0
[5, 16, 21] -96.0
[5, 16, 22] -64.0
[5, 16, 23] -32.0
[5, 17, 18] -288.0
[5, 17, 19] -256.0
[5, 17, 20] -160.0
[5, 17, 21] -96.0
[5, 17, 22] -64.0
[5, 17, 23] -32.0
[5, 18, 19] -288.0
[5, 18, 20] -192.0
[5, 18, 21] -96.0
[5, 18, 22] -64.0
[5, 18, 23] -32.0
[5, 19, 20] -224.0
[5, 19, 21] -128.0
[5, 19, 22] -64.0
[5, 19, 23] -32.0
[5, 20, 21] -160.0
[5, 20, 22] -64.0
[5, 20, 23] -32.0
[5, 21, 22] -96.0
[5, 21, 23] -32.0
[5, 22, 23] -32.0
[6, 7, 8] -352.0
[6, 7, 9] -512.0
[6, 7, 10] -480.0
[6, 7, 11] -448.0
[6, 7, 12] -416.0
[6, 7, 13] -384.0
[6, 7, 14] -384.0
[6, 7, 15] -384.0
[6, 7, 16] -384.0
[6, 7, 17] -384.0
[6, 7, 18] -384.0
[6, 7, 19] -352.0
[6, 7, 20] -288.0
[6, 7, 21] -224.0
[6, 7, 22] -160.0
[6, 7, 23] -96.0
[6, 7, 24] -32.0
[6, 8, 9] -544.0
[6, 8, 10] -320.0
[6, 8, 11] -480.0
[6, 8, 12] -448.0
[6, 8, 13] -416.0
[6, 8, 14] -384.0
[6, 8, 15] -384.0
[6, 8, 16] -384.0
[6, 8, 17] -384.0
[6, 8, 18] -352.0
[6, 8, 19] -320.0
[6, 8, 20] -256.0
[6, 8, 21] -192.0
[6, 8, 22] -128.0
[6, 8, 23] -64.0
[6, 8, 24] -32.0
[6, 9, 10] -544.0
[6, 9, 11] -512.0
[6, 9, 12] -288.0
[6, 9, 13] -448.0
[6, 9, 14] -416.0
[6, 9, 15] -384.0
[6, 9, 16] -384.0
[6, 9, 17] -352.0
[6, 9, 18] -320.0
[6, 9, 19] -288.0
[6, 9, 20] -224.0
[6, 9, 21] -160.0
[6, 9, 22] -96.0
[6, 9, 23] -64.0
[6, 9, 24] -32.0
[6, 10, 11] -544.0
[6, 10, 12] -512.0
[6, 10, 13] -480.0
[6, 10, 14] -256.0
[6, 10, 15] -416.0
[6, 10, 16] -352.0
[6, 10, 17] -320.0
[6, 10, 18] -288.0
[6, 10, 19] -256.0
[6, 10, 20] -192.0
[6, 10, 21] -128.0
[6, 10, 22] -96.0
[6, 10, 23] -64.0
[6, 10, 24] -32.0
[6, 11, 12] -544.0
[6, 11, 13] -512.0
[6, 11, 14] -480.0
[6, 11, 15] -416.0
[6, 11, 16] -160.0
[6, 11, 17] -288.0
[6, 11, 18] -256.0
[6, 11, 19] -224.0
[6, 11, 20] -160.0
[6, 11, 21] -128.0
[6, 11, 22] -96.0
[6, 11, 23] -64.0
[6, 11, 24] -32.0
[6, 12, 13] -544.0
[6, 12, 14] -480.0
[6, 12, 15] -416.0
[6, 12, 16] -352.0
[6, 12, 17] -288.0
[6, 12, 18] -32.0
[6, 12, 19] -192.0
[6, 12, 20] -160.0
[6, 12, 21] -128.0
[6, 12, 22] -96.0
[6, 12, 23] -64.0
[6, 12, 24] -32.0
[6, 13, 14] -480.0
[6, 13, 15] -416.0
[6, 13, 16] -352.0
[6, 13, 17] -288.0
[6, 13, 18] -224.0
[6, 13, 19] -192.0
[6, 13, 21] -128.0
[6, 13, 22] -96.0
[6, 13, 23] -64.0
[6, 13, 24] -32.0
[6, 14, 15] -416.0
[6, 14, 16] -352.0
[6, 14, 17] -288.0
[6, 14, 18] -256.0
[6, 14, 19] -224.0
[6, 14, 20] -160.0
[6, 14, 21] -128.0
[6, 14, 23] -64.0
[6, 14, 24] -32.0
[6, 15, 16] -352.0
[6, 15, 17] -320.0
[6, 15, 18] -288.0
[6, 15, 19] -256.0
[6, 15, 20] -160.0
[6, 15, 21] -128.0
[6, 15, 22] -96.0
[6, 15, 23] -64.0
[6, 16, 17] -352.0
[6, 16, 18] -320.0
[6, 16, 19] -288.0
[6, 16, 20] -192.0
[6, 16, 21] -128.0
[6, 16, 22] -96.0
[6, 16, 23] -64.0
[6, 16, 24] -32.0
[6, 17, 18] -352.0
[6, 17, 19] -320.0
[6, 17, 20] -224.0
[6, 17, 21] -128.0
[6, 17, 22] -96.0
[6, 17, 23] -64.0
[6, 17, 24] -32.0
[6, 18, 19] -352.0
[6, 18, 20] -256.0
[6, 18, 21] -160.0
[6, 18, 22] -96.0
[6, 18, 23] -64.0
[6, 18, 24] -32.0
[6, 19, 20] -288.0
[6, 19, 21] -192.0
[6, 19, 22] -96.0
[6, 19, 23] -64.0
[6, 19, 24] -32.0
[6, 20, 21] -224.0
[6, 20, 22] -128.0
[6, 20, 23] -64.0
[6, 20, 24] -32.0
[6, 21, 22] -160.0
[6, 21, 23] -64.0
[6, 21, 24] -32.0
[6, 22, 23] -96.0
[6, 22, 24] -32.0
[6, 23, 24] -32.0
[7, 8, 9] -416.0
[7, 8, 10] -608.0
[7, 8, 11] -576.0
[7, 8, 12] -544.0
[7, 8, 13] -512.0
[7, 8, 14] -480.0
[7, 8, 15] -448.0
[7, 8, 16] -448.0
[7, 8, 17] -448.0
[7, 8, 18] -448.0
[7, 8, 19] -416.0
[7, 8, 20] -352.0
[7, 8, 21] -288.0
[7, 8, 22] -224.0
[7, 8, 23] -160.0
[7, 8, 24] -96.0
[7, 8, 25] -32.0
[7, 9, 10] -640.0
[7, 9, 11] -384.0
[7, 9, 12] -576.0
[7, 9, 13] -544.0
[7, 9, 14] -512.0
[7, 9, 15] -480.0
[7, 9, 16] -448.0
[7, 9, 17] -448.0
[7, 9, 18] -416.0
[7, 9, 19] -384.0
[7, 9, 20] -320.0
[7, 9, 21] -256.0
[7, 9, 22] -192.0
[7, 9, 23] -128.0
[7, 9, 24] -64.0
[7, 9, 25] -32.0
[7, 10, 11] -640.0
[7, 10, 12] -608.0
[7, 10, 13] -352.0
[7, 10, 14] -544.0
[7, 10, 15] -512.0
[7, 10, 16] -480.0
[7, 10, 17] -416.0
[7, 10, 18] -384.0
[7, 10, 19] -352.0
[7, 10, 20] -288.0
[7, 10, 21] -224.0
[7, 10, 22] -160.0
[7, 10, 23] -96.0
[7, 10, 24] -64.0
[7, 10, 25] -32.0
[7, 11, 12] -640.0
[7, 11, 13] -608.0
[7, 11, 14] -576.0
[7, 11, 15] -320.0
[7, 11, 16] -480.0
[7, 11, 17] -416.0
[7, 11, 18] -352.0
[7, 11, 19] -320.0
[7, 11, 20] -256.0
[7, 11, 21] -192.0
[7, 11, 22] -128.0
[7, 11, 23] -96.0
[7, 11, 24] -64.0
[7, 11, 25] -32.0
[7, 12, 13] -640.0
[7, 12, 14] -608.0
[7, 12, 15] -544.0
[7, 12, 16] -480.0
[7, 12, 17] -192.0
[7, 12, 18] -352.0
[7, 12, 19] -288.0
[7, 12, 20] -224.0
[7, 12, 21] -160.0
[7, 12, 22] -128.0
[7, 12, 23] -96.0
[7, 12, 24] -64.0
[7, 12, 25] -32.0
[7, 13, 14] -608.0
[7, 13, 15] -544.0
[7, 13, 16] -480.0
[7, 13, 17] -416.0
[7, 13, 18] -352.0
[7, 13, 19] -64.0
[7, 13, 20] -192.0
[7, 13, 21] -160.0
[7, 13, 22] -128.0
[7, 13, 23] -96.0
[7, 13, 24] -64.0
[7, 13, 25] -32.0
[7, 14, 15] -544.0
[7, 14, 16] -480.0
[7, 14, 17] -416.0
[7, 14, 18] -352.0
[7, 14, 19] -288.0
[7, 14, 20] -192.0
[7, 14, 22] -128.0
[7, 14, 23] -96.0
[7, 14, 24] -64.0
[7, 14, 25] -32.0
[7, 15, 16] -480.0
[7, 15, 17] -416.0
[7, 15, 18] -352.0
[7, 15, 19] -320.0
[7, 15, 20] -224.0
[7, 15, 21] -160.0
[7, 15, 22] -128.0
[7, 15, 24] -64.0
[7, 15, 25] -32.0
[7, 16, 17] -416.0
[7, 16, 18] -384.0
[7, 16, 19] -352.0
[7, 16, 20] -256.0
[7, 16, 21] -160.0
[7, 16, 22] -128.0
[7, 16, 23] -96.0
[7, 16, 24] -64.0
[7, 17, 18] -416.0
[7, 17, 19] -384.0
[7, 17, 20] -288.0
[7, 17, 21] -192.0
[7, 17, 22] -128.0
[7, 17, 23] -96.0
[7, 17, 24] -64.0
[7, 17, 25] -32.0
[7, 18, 19] -416.0
[7, 18, 20] -320.0
[7, 18, 21] -224.0
[7, 18, 22] -128.0
[7, 18, 23] -96.0
[7, 18, 24] -64.0
[7, 18, 25] -32.0
[7, 19, 20] -352.0
[7, 19, 21] -256.0
[7, 19, 22] -160.0
[7, 19, 23] -96.0
[7, 19, 24] -64.0
[7, 19, 25] -32.0
[7, 20, 21] -288.0
[7, 20, 22] -192.0
[7, 20, 23] -96.0
[7, 20, 24] -64.0
[7, 20, 25] -32.0
[7, 21, 22] -224.0
[7, 21, 23] -128.0
[7, 21, 24] -64.0
[7, 21, 25] -32.0
[7, 22, 23] -160.0
[7, 22, 24] -64.0
[7, 22, 25] -32.0
[7, 23, 24] -96.0
[7, 23, 25] -32.0
[7, 24, 25] -32.0
[8, 9, 10] -448.0
[8, 9, 11] -640.0
[8, 9, 12] -608.0
[8, 9, 13] -576.0
[8, 9, 14] -576.0
[8, 9, 15] -576.0
[8, 9, 16] -544.0
[8, 9, 17] -512.0
[8, 9, 18] -480.0
[8, 9, 19] -416.0
[8, 9, 20] -352.0
[8, 9, 21] -288.0
[8, 9, 22] -224.0
[8, 9, 23] -160.0
[8, 9, 24] -96.0
[8, 9, 25] -32.0
[8, 10, 11] -672.0
[8, 10, 12] -416.0
[8, 10, 13] -640.0
[8, 10, 14] -608.0
[8, 10, 15] -608.0
[8, 10, 16] -576.0
[8, 10, 17] -512.0
[8, 10, 18] -448.0
[8, 10, 19] -384.0
[8, 10, 20] -320.0
[8, 10, 21] -256.0
[8, 10, 22] -192.0
[8, 10, 23] -128.0
[8, 10, 24] -64.0
[8, 10, 25] -32.0
[8, 11, 12] -704.0
[8, 11, 13] -672.0
[8, 11, 14] -416.0
[8, 11, 15] -640.0
[8, 11, 16] -576.0
[8, 11, 17] -512.0
[8, 11, 18] -448.0
[8, 11, 19] -352.0
[8, 11, 20] -288.0
[8, 11, 21] -224.0
[8, 11, 22] -160.0
[8, 11, 23] -96.0
[8, 11, 24] -64.0
[8, 11, 25] -32.0
[8, 12, 13] -704.0
[8, 12, 14] -672.0
[8, 12, 15] -640.0
[8, 12, 16] -320.0
[8, 12, 17] -512.0
[8, 12, 18] -448.0
[8, 12, 19] -352.0
[8, 12, 20] -256.0
[8, 12, 21] -192.0
[8, 12, 22] -128.0
[8, 12, 23] -96.0
[8, 12, 24] -64.0
[8, 12, 25] -32.0
[8, 13, 14] -672.0
[8, 13, 15] -640.0
[8, 13, 16] -576.0
[8, 13, 17] -512.0
[8, 13, 18] -192.0
[8, 13, 19] -352.0
[8, 13, 20] -224.0
[8, 13, 21] -160.0
[8, 13, 22] -128.0
[8, 13, 23] -96.0
[8, 13, 24] -64.0
[8, 13, 25] -32.0
[8, 14, 15] -640.0
[8, 14, 16] -576.0
[8, 14, 17] -512.0
[8, 14, 18] -448.0
[8, 14, 19] -352.0
[8, 14, 20] -32.0
[8, 14, 21] -160.0
[8, 14, 22] -128.0
[8, 14, 23] -96.0
[8, 14, 24] -64.0
[8, 14, 25] -32.0
[8, 15, 16] -576.0
[8, 15, 17] -512.0
[8, 15, 18] -448.0
[8, 15, 19] -352.0
[8, 15, 20] -256.0
[8, 15, 21] -160.0
[8, 15, 23] -96.0
[8, 15, 24] -64.0
[8, 15, 25] -32.0
[8, 16, 17] -512.0
[8, 16, 18] -448.0
[8, 16, 19] -384.0
[8, 16, 20] -288.0
[8, 16, 21] -192.0
[8, 16, 22] -128.0
[8, 16, 23] -96.0
[8, 16, 25] -32.0
[8, 17, 18] -480.0
[8, 17, 19] -416.0
[8, 17, 20] -320.0
[8, 17, 21] -224.0
[8, 17, 22] -128.0
[8, 17, 23] -96.0
[8, 17, 24] -64.0
[8, 17, 25] -32.0
[8, 18, 19] -448.0
[8, 18, 20] -352.0
[8, 18, 21] -256.0
[8, 18, 22] -160.0
[8, 18, 23] -96.0
[8, 18, 24] -64.0
[8, 18, 25] -32.0
[8, 19, 20] -384.0
[8, 19, 21] -288.0
[8, 19, 22] -192.0
[8, 19, 23] -96.0
[8, 19, 24] -64.0
[8, 19, 25] -32.0
[8, 20, 21] -320.0
[8, 20, 22] -224.0
[8, 20, 23] -128.0
[8, 20, 24] -64.0
[8, 20, 25] -32.0
[8, 21, 22] -256.0
[8, 21, 23] -160.0
[8, 21, 24] -64.0
[8, 21, 25] -32.0
[8, 22, 23] -192.0
[8, 22, 24] -96.0
[8, 22, 25] -32.0
[8, 23, 24] -128.0
[8, 23, 25] -32.0
[8, 24, 25] -64.0
[9, 10, 11] -448.0
[9, 10, 12] -672.0
[9, 10, 13] -640.0
[9, 10, 14] -608.0
[9, 10, 15] -640.0
[9, 10, 16] -672.0
[9, 10, 17] -608.0
[9, 10, 18] -512.0
[9, 10, 19] -416.0
[9, 10, 20] -352.0
[9, 10, 21] -288.0
[9, 10, 22] -224.0
[9, 10, 23] -160.0
[9, 10, 24] -96.0
[9, 10, 25] -32.0
[9, 11, 12] -672.0
[9, 11, 13] -448.0
[9, 11, 14] -704.0
[9, 11, 15] -672.0
[9, 11, 16] -672.0
[9, 11, 17] -608.0
[9, 11, 18] -512.0
[9, 11, 19] -416.0
[9, 11, 20] -320.0
[9, 11, 21] -256.0
[9, 11, 22] -192.0
[9, 11, 23] -128.0
[9, 11, 24] -64.0
[9, 11, 25] -32.0
[9, 12, 13] -736.0
[9, 12, 14] -736.0
[9, 12, 15] -448.0
[9, 12, 16] -672.0
[9, 12, 17] -608.0
[9, 12, 18] -512.0
[9, 12, 19] -416.0
[9, 12, 20] -288.0
[9, 12, 21] -224.0
[9, 12, 22] -160.0
[9, 12, 23] -96.0
[9, 12, 24] -64.0
[9, 12, 25] -32.0
[9, 13, 14] -704.0
[9, 13, 15] -672.0
[9, 13, 16] -672.0
[9, 13, 17] -320.0
[9, 13, 18] -512.0
[9, 13, 19] -416.0
[9, 13, 20] -288.0
[9, 13, 21] -192.0
[9, 13, 22] -128.0
[9, 13, 23] -96.0
[9, 13, 24] -64.0
[9, 13, 25] -32.0
[9, 14, 15] -672.0
[9, 14, 16] -672.0
[9, 14, 17] -608.0
[9, 14, 18] -512.0
[9, 14, 19] -192.0
[9, 14, 20] -288.0
[9, 14, 21] -160.0
[9, 14, 22] -128.0
[9, 14, 23] -96.0
[9, 14, 24] -64.0
[9, 14, 25] -32.0
[9, 15, 16] -672.0
[9, 15, 17] -608.0
[9, 15, 18] -512.0
[9, 15, 19] -416.0
[9, 15, 20] -288.0
[9, 15, 21] -32.0
[9, 15, 22] -128.0
[9, 15, 23] -96.0
[9, 15, 24] -64.0
[9, 15, 25] -32.0
[9, 16, 17] -608.0
[9, 16, 18] -512.0
[9, 16, 19] -416.0
[9, 16, 20] -320.0
[9, 16, 21] -224.0
[9, 16, 22] -128.0
[9, 16, 24] -64.0
[9, 16, 25] -32.0
[9, 17, 18] -512.0
[9, 17, 19] -448.0
[9, 17, 20] -352.0
[9, 17, 21] -256.0
[9, 17, 22] -160.0
[9, 17, 23] -96.0
[9, 17, 24] -64.0
[9, 18, 19] -448.0
[9, 18, 20] -384.0
[9, 18, 21] -288.0
[9, 18, 22] -192.0
[9, 18, 23] -96.0
[9, 18, 24] -64.0
[9, 18, 25] -32.0
[9, 19, 20] -384.0
[9, 19, 21] -320.0
[9, 19, 22] -224.0
[9, 19, 23] -128.0
[9, 19, 24] -64.0
[9, 19, 25] -32.0
[9, 20, 21] -320.0
[9, 20, 22] -256.0
[9, 20, 23] -160.0
[9, 20, 24] -64.0
[9, 20, 25] -32.0
[9, 21, 22] -256.0
[9, 21, 23] -192.0
[9, 21, 24] -96.0
[9, 21, 25] -32.0
[9, 22, 23] -192.0
[9, 22, 24] -128.0
[9, 22, 25] -32.0
[9, 23, 24] -128.0
[9, 23, 25] -64.0
[9, 24, 25] -64.0
[10, 11, 12] -448.0
[10, 11, 13] -672.0
[10, 11, 14] -672.0
[10, 11, 15] -640.0
[10, 11, 16] -672.0
[10, 11, 17] -672.0
[10, 11, 18] -576.0
[10, 11, 19] -480.0
[10, 11, 20] -352.0
[10, 11, 21] -288.0
[10, 11, 22] -224.0
[10, 11, 23] -160.0
[10, 11, 24] -96.0
[10, 11, 25] -32.0
[10, 12, 13] -672.0
[10, 12, 14] -448.0
[10, 12, 15] -736.0
[10, 12, 16] -672.0
[10, 12, 17] -672.0
[10, 12, 18] -576.0
[10, 12, 19] -480.0
[10, 12, 20] -352.0
[10, 12, 21] -256.0
[10, 12, 22] -192.0
[10, 12, 23] -128.0
[10, 12, 24] -64.0
[10, 12, 25] -32.0
[10, 13, 14] -736.0
[10, 13, 15] -736.0
[10, 13, 16] -448.0
[10, 13, 17] -672.0
[10, 13, 18] -576.0
[10, 13, 19] -480.0
[10, 13, 20] -352.0
[10, 13, 21] -224.0
[10, 13, 22] -160.0
[10, 13, 23] -96.0
[10, 13, 24] -64.0
[10, 13, 25] -32.0
[10, 14, 15] -672.0
[10, 14, 16] -672.0
[10, 14, 17] -672.0
[10, 14, 18] -320.0
[10, 14, 19] -480.0
[10, 14, 20] -352.0
[10, 14, 21] -224.0
[10, 14, 22] -128.0
[10, 14, 23] -96.0
[10, 14, 24] -64.0
[10, 14, 25] -32.0
[10, 15, 16] -672.0
[10, 15, 17] -672.0
[10, 15, 18] -576.0
[10, 15, 19] -480.0
[10, 15, 20] -160.0
[10, 15, 21] -224.0
[10, 15, 22] -128.0
[10, 15, 23] -96.0
[10, 15, 24] -64.0
[10, 15, 25] -32.0
[10, 16, 17] -672.0
[10, 16, 18] -576.0
[10, 16, 19] -480.0
[10, 16, 20] -352.0
[10, 16, 21] -256.0
[10, 16, 22] -32.0
[10, 16, 23] -96.0
[10, 16, 24] -64.0
[10, 16, 25] -32.0
[10, 17, 18] -544.0
[10, 17, 19] -448.0
[10, 17, 20] -384.0
[10, 17, 21] -288.0
[10, 17, 22] -192.0
[10, 17, 23] -96.0
[10, 17, 25] -32.0
[10, 18, 19] -448.0
[10, 18, 20] -384.0
[10, 18, 21] -320.0
[10, 18, 22] -224.0
[10, 18, 23] -128.0
[10, 18, 24] -64.0
[10, 18, 25] -32.0
[10, 19, 20] -384.0
[10, 19, 21] -320.0
[10, 19, 22] -256.0
[10, 19, 23] -160.0
[10, 19, 24] -64.0
[10, 19, 25] -32.0
[10, 20, 21] -320.0
[10, 20, 22] -256.0
[10, 20, 23] -192.0
[10, 20, 24] -96.0
[10, 20, 25] -32.0
[10, 21, 22] -256.0
[10, 21, 23] -192.0
[10, 21, 24] -128.0
[10, 21, 25] -32.0
[10, 22, 23] -192.0
[10, 22, 24] -128.0
[10, 22, 25] -64.0
[10, 23, 24] -128.0
[10, 23, 25] -64.0
[10, 24, 25] -64.0
[11, 12, 13] -448.0
[11, 12, 14] -672.0
[11, 12, 15] -704.0
[11, 12, 16] -672.0
[11, 12, 17] -672.0
[11, 12, 18] -640.0
[11, 12, 19] -544.0
[11, 12, 20] -416.0
[11, 12, 21] -288.0
[11, 12, 22] -224.0
[11, 12, 23] -160.0
[11, 12, 24] -96.0
[11, 12, 25] -32.0
[11, 13, 14] -672.0
[11, 13, 15] -448.0
[11, 13, 16] -736.0
[11, 13, 17] -672.0
[11, 13, 18] -640.0
[11, 13, 19] -544.0
[11, 13, 20] -416.0
[11, 13, 21] -288.0
[11, 13, 22] -192.0
[11, 13, 23] -128.0
[11, 13, 24] -64.0
[11, 13, 25] -32.0
[11, 14, 15] -704.0
[11, 14, 16] -736.0
[11, 14, 17] -448.0
[11, 14, 18] -640.0
[11, 14, 19] -544.0
[11, 14, 20] -416.0
[11, 14, 21] -288.0
[11, 14, 22] -160.0
[11, 14, 23] -96.0
[11, 14, 24] -64.0
[11, 14, 25] -32.0
[11, 15, 16] -640.0
[11, 15, 17] -672.0
[11, 15, 18] -640.0
[11, 15, 19] -320.0
[11, 15, 20] -416.0
[11, 15, 21] -288.0
[11, 15, 22] -160.0
[11, 15, 23] -96.0
[11, 15, 24] -64.0
[11, 15, 25] -32.0
[11, 16, 17] -640.0
[11, 16, 18] -608.0
[11, 16, 19] -512.0
[11, 16, 20] -416.0
[11, 16, 21] -128.0
[11, 16, 22] -192.0
[11, 16, 23] -96.0
[11, 16, 24] -64.0
[11, 16, 25] -32.0
[11, 17, 18] -576.0
[11, 17, 19] -480.0
[11, 17, 20] -384.0
[11, 17, 21] -320.0
[11, 17, 22] -224.0
[11, 17, 23] -32.0
[11, 17, 24] -64.0
[11, 17, 25] -32.0
[11, 18, 19] -448.0
[11, 18, 20] -384.0
[11, 18, 21] -320.0
[11, 18, 22] -256.0
[11, 18, 23] -160.0
[11, 18, 24] -64.0
[11, 19, 20] -384.0
[11, 19, 21] -320.0
[11, 19, 22] -256.0
[11, 19, 23] -192.0
[11, 19, 24] -96.0
[11, 19, 25] -32.0
[11, 20, 21] -320.0
[11, 20, 22] -256.0
[11, 20, 23] -192.0
[11, 20, 24] -128.0
[11, 20, 25] -32.0
[11, 21, 22] -256.0
[11, 21, 23] -192.0
[11, 21, 24] -128.0
[11, 21, 25] -64.0
[11, 22, 23] -192.0
[11, 22, 24] -128.0
[11, 22, 25] -64.0
[11, 23, 24] -128.0
[11, 23, 25] -64.0
[11, 24, 25] -64.0
[12, 13, 14] -448.0
[12, 13, 15] -672.0
[12, 13, 16] -736.0
[12, 13, 17] -704.0
[12, 13, 18] -672.0
[12, 13, 19] -608.0
[12, 13, 20] -480.0
[12, 13, 21] -352.0
[12, 13, 22] -224.0
[12, 13, 23] -160.0
[12, 13, 24] -96.0
[12, 13, 25] -32.0
[12, 14, 15] -672.0
[12, 14, 16] -448.0
[12, 14, 17] -736.0
[12, 14, 18] -672.0
[12, 14, 19] -608.0
[12, 14, 20] -480.0
[12, 14, 21] -352.0
[12, 14, 22] -224.0
[12, 14, 23] -128.0
[12, 14, 24] -64.0
[12, 14, 25] -32.0
[12, 15, 16] -672.0
[12, 15, 17] -704.0
[12, 15, 18] -416.0
[12, 15, 19] -576.0
[12, 15, 20] -480.0
[12, 15, 21] -352.0
[12, 15, 22] -224.0
[12, 15, 23] -96.0
[12, 15, 24] -64.0
[12, 15, 25] -32.0
[12, 16, 17] -608.0
[12, 16, 18] -608.0
[12, 16, 19] -544.0
[12, 16, 20] -256.0
[12, 16, 21] -352.0
[12, 16, 22] -224.0
[12, 16, 23] -128.0
[12, 16, 24] -64.0
[12, 16, 25] -32.0
[12, 17, 18] -576.0
[12, 17, 19] -512.0
[12, 17, 20] -416.0
[12, 17, 21] -320.0
[12, 17, 22] -128.0
[12, 17, 23] -160.0
[12, 17, 24] -64.0
[12, 17, 25] -32.0
[12, 18, 19] -480.0
[12, 18, 20] -384.0
[12, 18, 21] -320.0
[12, 18, 22] -256.0
[12, 18, 23] -192.0
[12, 18, 24] -32.0
[12, 18, 25] -32.0
[12, 19, 20] -384.0
[12, 19, 21] -320.0
[12, 19, 22] -256.0
[12, 19, 23] -192.0
[12, 19, 24] -128.0
[12, 19, 25] -32.0
[12, 20, 21] -320.0
[12, 20, 22] -256.0
[12, 20, 23] -192.0
[12, 20, 24] -128.0
[12, 20, 25] -64.0
[12, 21, 22] -256.0
[12, 21, 23] -192.0
[12, 21, 24] -128.0
[12, 21, 25] -64.0
[12, 22, 23] -192.0
[12, 22, 24] -128.0
[12, 22, 25] -64.0
[12, 23, 24] -128.0
[12, 23, 25] -64.0
[12, 24, 25] -64.0
[13, 14, 15] -448.0
[13, 14, 16] -672.0
[13, 14, 17] -736.0
[13, 14, 18] -704.0
[13, 14, 19] -640.0
[13, 14, 20] -544.0
[13, 14, 21] -416.0
[13, 14, 22] -288.0
[13, 14, 23] -160.0
[13, 14, 24] -96.0
[13, 14, 25] -32.0
[13, 15, 16] -672.0
[13, 15, 17] -448.0
[13, 15, 18] -672.0
[13, 15, 19] -608.0
[13, 15, 20] -512.0
[13, 15, 21] -416.0
[13, 15, 22] -288.0
[13, 15, 23] -160.0
[13, 15, 24] -64.0
[13, 15, 25] -32.0
[13, 16, 17] -640.0
[13, 16, 18] -640.0
[13, 16, 19] -352.0
[13, 16, 20] -480.0
[13, 16, 21] -384.0
[13, 16, 22] -288.0
[13, 16, 23] -160.0
[13, 16, 24] -64.0
[13, 16, 25] -32.0
[13, 17, 18] -576.0
[13, 17, 19] -544.0
[13, 17, 20] -448.0
[13, 17, 21] -192.0
[13, 17, 22] -256.0
[13, 17, 23] -192.0
[13, 17, 24] -96.0
[13, 17, 25] -32.0
[13, 18, 19] -512.0
[13, 18, 20] -416.0
[13, 18, 21] -320.0
[13, 18, 22] -256.0
[13, 18, 23] -96.0
[13, 18, 24] -128.0
[13, 18, 25] -32.0
[13, 19, 20] -384.0
[13, 19, 21] -320.0
[13, 19, 22] -256.0
[13, 19, 23] -192.0
[13, 19, 24] -128.0
[13, 19, 25] -32.0
[13, 20, 21] -320.0
[13, 20, 22] -256.0
[13, 20, 23] -192.0
[13, 20, 24] -128.0
[13, 20, 25] -64.0
[13, 21, 22] -256.0
[13, 21, 23] -192.0
[13, 21, 24] -128.0
[13, 21, 25] -64.0
[13, 22, 23] -192.0
[13, 22, 24] -128.0
[13, 22, 25] -64.0
[13, 23, 24] -128.0
[13, 23, 25] -64.0
[13, 24, 25] -64.0
[14, 15, 16] -448.0
[14, 15, 17] -672.0
[14, 15, 18] -704.0
[14, 15, 19] -640.0
[14, 15, 20] -544.0
[14, 15, 21] -448.0
[14, 15, 22] -352.0
[14, 15, 23] -224.0
[14, 15, 24] -96.0
[14, 15, 25] -32.0
[14, 16, 17] -672.0
[14, 16, 18] -416.0
[14, 16, 19] -608.0
[14, 16, 20] -512.0
[14, 16, 21] -416.0
[14, 16, 22] -320.0
[14, 16, 23] -224.0
[14, 16, 24] -96.0
[14, 16, 25] -32.0
[14, 17, 18] -608.0
[14, 17, 19] -576.0
[14, 17, 20] -288.0
[14, 17, 21] -384.0
[14, 17, 22] -288.0
[14, 17, 23] -192.0
[14, 17, 24] -128.0
[14, 17, 25] -32.0
[14, 18, 19] -544.0
[14, 18, 20] -448.0
[14, 18, 21] -352.0
[14, 18, 22] -128.0
[14, 18, 23] -192.0
[14, 18, 24] -128.0
[14, 18, 25] -64.0
[14, 19, 20] -416.0
[14, 19, 21] -320.0
[14, 19, 22] -256.0
[14, 19, 23] -192.0
[14, 19, 24] -64.0
[14, 19, 25] -64.0
[14, 20, 21] -320.0
[14, 20, 22] -256.0
[14, 20, 23] -192.0
[14, 20, 24] -128.0
[14, 20, 25] -64.0
[14, 21, 22] -256.0
[14, 21, 23] -192.0
[14, 21, 24] -128.0
[14, 21, 25] -64.0
[14, 22, 23] -192.0
[14, 22, 24] -128.0
[14, 22, 25] -64.0
[14, 23, 24] -128.0
[14, 23, 25] -64.0
[14, 24, 25] -64.0
[15, 16, 17] -448.0
[15, 16, 18] -672.0
[15, 16, 19] -640.0
[15, 16, 20] -544.0
[15, 16, 21] -448.0
[15, 16, 22] -352.0
[15, 16, 23] -256.0
[15, 16, 24] -160.0
[15, 16, 25] -32.0
[15, 17, 18] -640.0
[15, 17, 19] -384.0
[15, 17, 20] -512.0
[15, 17, 21] -416.0
[15, 17, 22] -320.0
[15, 17, 23] -224.0
[15, 17, 24] -128.0
[15, 17, 25] -64.0
[15, 18, 19] -576.0
[15, 18, 20] -480.0
[15, 18, 21] -224.0
[15, 18, 22] -288.0
[15, 18, 23] -192.0
[15, 18, 24] -128.0
[15, 18, 25] -64.0
[15, 19, 20] -448.0
[15, 19, 21] -352.0
[15, 19, 22] -256.0
[15, 19, 23] -96.0
[15, 19, 24] -128.0
[15, 19, 25] -64.0
[15, 20, 21] -320.0
[15, 20, 22] -256.0
[15, 20, 23] -192.0
[15, 20, 24] -128.0
[15, 20, 25] -32.0
[15, 21, 22] -256.0
[15, 21, 23] -192.0
[15, 21, 24] -128.0
[15, 21, 25] -64.0
[15, 22, 23] -192.0
[15, 22, 24] -128.0
[15, 22, 25] -64.0
[15, 23, 24] -128.0
[15, 23, 25] -64.0
[15, 24, 25] -64.0
[16, 17, 18] -448.0
[16, 17, 19] -640.0
[16, 17, 20] -544.0
[16, 17, 21] -448.0
[16, 17, 22] -352.0
[16, 17, 23] -256.0
[16, 17, 24] -160.0
[16, 17, 25] -64.0
[16, 18, 19] -608.0
[16, 18, 20] -320.0
[16, 18, 21] -416.0
[16, 18, 22] -320.0
[16, 18, 23] -224.0
[16, 18, 24] -128.0
[16, 18, 25] -64.0
[16, 19, 20] -480.0
[16, 19, 21] -384.0
[16, 19, 22] -160.0
[16, 19, 23] -192.0
[16, 19, 24] -128.0
[16, 19, 25] -64.0
[16, 20, 21] -352.0
[16, 20, 22] -256.0
[16, 20, 23] -192.0
[16, 20, 24] -64.0
[16, 20, 25] -64.0
[16, 21, 22] -256.0
[16, 21, 23] -192.0
[16, 21, 24] -128.0
[16, 21, 25] -64.0
[16, 22, 23] -192.0
[16, 22, 24] -128.0
[16, 22, 25] -64.0
[16, 23, 24] -128.0
[16, 23, 25] -64.0
[16, 24, 25] -64.0
[17, 18, 19] -416.0
[17, 18, 20] -544.0
[17, 18, 21] -448.0
[17, 18, 22] -352.0
[17, 18, 23] -256.0
[17, 18, 24] -160.0
[17, 18, 25] -64.0
[17, 19, 20] -512.0
[17, 19, 21] -256.0
[17, 19, 22] -320.0
[17, 19, 23] -224.0
[17, 19, 24] -128.0
[17, 19, 25] -64.0
[17, 20, 21] -384.0
[17, 20, 22] -288.0
[17, 20, 23] -96.0
[17, 20, 24] -128.0
[17, 20, 25] -64.0
[17, 21, 22] -256.0
[17, 21, 23] -192.0
[17, 21, 24] -128.0
[17, 21, 25] -32.0
[17, 22, 23] -192.0
[17, 22, 24] -128.0
[17, 22, 25] -64.0
[17, 23, 24] -128.0
[17, 23, 25] -64.0
[17, 24, 25] -64.0
[18, 19, 20] -352.0
[18, 19, 21] -448.0
[18, 19, 22] -352.0
[18, 19, 23] -256.0
[18, 19, 24] -160.0
[18, 19, 25] -64.0
[18, 20, 21] -416.0
[18, 20, 22] -192.0
[18, 20, 23] -224.0
[18, 20, 24] -128.0
[18, 20, 25] -64.0
[18, 21, 22] -288.0
[18, 21, 23] -192.0
[18, 21, 24] -64.0
[18, 21, 25] -64.0
[18, 22, 23] -192.0
[18, 22, 24] -128.0
[18, 22, 25] -64.0
[18, 23, 24] -128.0
[18, 23, 25] -64.0
[18, 24, 25] -64.0
[19, 20, 21] -288.0
[19, 20, 22] -352.0
[19, 20, 23] -256.0
[19, 20, 24] -160.0
[19, 20, 25] -64.0
[19, 21, 22] -320.0
[19, 21, 23] -128.0
[19, 21, 24] -128.0
[19, 21, 25] -64.0
[19, 22, 23] -192.0
[19, 22, 24] -128.0
[19, 22, 25] -32.0
[19, 23, 24] -128.0
[19, 23, 25] -64.0
[19, 24, 25] -64.0
[20, 21, 22] -224.0
[20, 21, 23] -256.0
[20, 21, 24] -160.0
[20, 21, 25] -64.0
[20, 22, 23] -224.0
[20, 22, 24] -64.0
[20, 22, 25] -64.0
[20, 23, 24] -128.0
[20, 23, 25] -64.0
[20, 24, 25] -64.0
[21, 22, 23] -160.0
[21, 22, 24] -160.0
[21, 22, 25] -64.0
[21, 23, 24] -128.0
[21, 23, 25] -32.0
[21, 24, 25] -64.0
[22, 23, 24] -96.0
[22, 23, 25] -64.0
[22, 24, 25] -64.0
[23, 24, 25] -32.0
[1, 2] 256.0
[1, 3] 248.0
[1, 4] 240.0
[1, 5] 232.0
[1, 6] 224.0
[1, 7] 216.0
[1, 8] 208.0
[1, 9] 200.0
[1, 10] 192.0
[1, 11] 200.0
[1, 12] 192.0
[1, 13] 184.0
[1, 14] 176.0
[1, 15] 168.0
[1, 16] 160.0
[1, 17] 152.0
[1, 18] 144.0
[1, 19] 136.0
[2, 3] 512.0
[2, 4] 512.0
[2, 5] 496.0
[2, 6] 480.0
[2, 7] 464.0
[2, 8] 448.0
[2, 9] 432.0
[2, 10] 416.0
[2, 11] 416.0
[2, 12] 416.0
[2, 13] 400.0
[2, 14] 384.0
[2, 15] 368.0
[2, 16] 352.0
[2, 17] 336.0
[2, 18] 320.0
[2, 19] 288.0
[2, 20] 136.0
[3, 4] 784.0
[3, 5] 776.0
[3, 6] 768.0
[3, 7] 744.0
[3, 8] 720.0
[3, 9] 696.0
[3, 10] 672.0
[3, 11] 648.0
[3, 12] 656.0
[3, 13] 648.0
[3, 14] 624.0
[3, 15] 600.0
[3, 16] 576.0
[3, 17] 552.0
[3, 18] 512.0
[3, 19] 472.0
[3, 20] 288.0
[3, 21] 136.0
[4, 5] 1072.0
[4, 6] 1056.0
[4, 7] 1040.0
[4, 8] 1024.0
[4, 9] 992.0
[4, 10] 960.0
[4, 11] 928.0
[4, 12] 912.0
[4, 13] 912.0
[4, 14] 896.0
[4, 15] 864.0
[4, 16] 832.0
[4, 17] 784.0
[4, 18] 736.0
[4, 19] 672.0
[4, 20] 472.0
[4, 21] 288.0
[4, 22] 136.0
[5, 6] 1376.0
[5, 7] 1352.0
[5, 8] 1328.0
[5, 9] 1304.0
[5, 10] 1280.0
[5, 11] 1240.0
[5, 12] 1200.0
[5, 13] 1192.0
[5, 14] 1184.0
[5, 15] 1160.0
[5, 16] 1104.0
[5, 17] 1048.0
[5, 18] 976.0
[5, 19] 904.0
[5, 20] 672.0
[5, 21] 472.0
[5, 22] 288.0
[5, 23] 136.0
[6, 7] 1696.0
[6, 8] 1664.0
[6, 9] 1632.0
[6, 10] 1600.0
[6, 11] 1568.0
[6, 12] 1536.0
[6, 13] 1504.0
[6, 14] 1488.0
[6, 15] 1456.0
[6, 16] 1408.0
[6, 17] 1328.0
[6, 18] 1248.0
[6, 19] 1152.0
[6, 20] 904.0
[6, 21] 672.0
[6, 22] 472.0
[6, 23] 288.0
[6, 24] 136.0
[7, 8] 2032.0
[7, 9] 1992.0
[7, 10] 1952.0
[7, 11] 1912.0
[7, 12] 1872.0
[7, 13] 1832.0
[7, 14] 1808.0
[7, 15] 1768.0
[7, 16] 1712.0
[7, 17] 1640.0
[7, 18] 1536.0
[7, 19] 1432.0
[7, 20] 1152.0
[7, 21] 904.0
[7, 22] 672.0
[7, 23] 472.0
[7, 24] 288.0
[7, 25] 136.0
[8, 9] 2192.0
[8, 10] 2152.0
[8, 11] 2112.0
[8, 12] 2056.0
[8, 13] 2000.0
[8, 14] 1976.0
[8, 15] 1968.0
[8, 16] 1912.0
[8, 17] 1840.0
[8, 18] 1720.0
[8, 19] 1536.0
[8, 20] 1248.0
[8, 21] 976.0
[8, 22] 736.0
[8, 23] 512.0
[8, 24] 320.0
[8, 25] 144.0
[9, 10] 2320.0
[9, 11] 2264.0
[9, 12] 2208.0
[9, 13] 2120.0
[9, 14] 2096.0
[9, 15] 2072.0
[9, 16] 2080.0
[9, 17] 1992.0
[9, 18] 1840.0
[9, 19] 1640.0
[9, 20] 1328.0
[9, 21] 1048.0
[9, 22] 784.0
[9, 23] 552.0
[9, 24] 336.0
[9, 25] 152.0
[10, 11] 2384.0
[10, 12] 2312.0
[10, 13] 2240.0
[10, 14] 2152.0
[10, 15] 2144.0
[10, 16] 2120.0
[10, 17] 2080.0
[10, 18] 1912.0
[10, 19] 1712.0
[10, 20] 1408.0
[10, 21] 1104.0
[10, 22] 832.0
[10, 23] 576.0
[10, 24] 352.0
[10, 25] 160.0
[11, 12] 2432.0
[11, 13] 2344.0
[11, 14] 2272.0
[11, 15] 2184.0
[11, 16] 2144.0
[11, 17] 2072.0
[11, 18] 1968.0
[11, 19] 1768.0
[11, 20] 1456.0
[11, 21] 1160.0
[11, 22] 864.0
[11, 23] 600.0
[11, 24] 368.0
[11, 25] 168.0
[12, 13] 2480.0
[12, 14] 2376.0
[12, 15] 2272.0
[12, 16] 2152.0
[12, 17] 2096.0
[12, 18] 1976.0
[12, 19] 1808.0
[12, 20] 1488.0
[12, 21] 1184.0
[12, 22] 896.0
[12, 23] 624.0
[12, 24] 384.0
[12, 25] 176.0
[13, 14] 2480.0
[13, 15] 2344.0
[13, 16] 2240.0
[13, 17] 2120.0
[13, 18] 2000.0
[13, 19] 1832.0
[13, 20] 1504.0
[13, 21] 1192.0
[13, 22] 912.0
[13, 23] 648.0
[13, 24] 400.0
[13, 25] 184.0
[14, 15] 2432.0
[14, 16] 2312.0
[14, 17] 2208.0
[14, 18] 2056.0
[14, 19] 1872.0
[14, 20] 1536.0
[14, 21] 1200.0
[14, 22] 912.0
[14, 23] 656.0
[14, 24] 416.0
[14, 25] 192.0
[15, 16] 2384.0
[15, 17] 2264.0
[15, 18] 2112.0
[15, 19] 1912.0
[15, 20] 1568.0
[15, 21] 1240.0
[15, 22] 928.0
[15, 23] 648.0
[15, 24] 416.0
[15, 25] 200.0
[16, 17] 2320.0
[16, 18] 2152.0
[16, 19] 1952.0
[16, 20] 1600.0
[16, 21] 1280.0
[16, 22] 960.0
[16, 23] 672.0
[16, 24] 416.0
[16, 25] 192.0
[17, 18] 2192.0
[17, 19] 1992.0
[17, 20] 1632.0
[17, 21] 1304.0
[17, 22] 992.0
[17, 23] 696.0
[17, 24] 432.0
[17, 25] 200.0
[18, 19] 2032.0
[18, 20] 1664.0
[18, 21] 1328.0
[18, 22] 1024.0
[18, 23] 720.0
[18, 24] 448.0
[18, 25] 208.0
[19, 20] 1696.0
[19, 21] 1352.0
[19, 22] 1040.0
[19, 23] 744.0
[19, 24] 464.0
[19, 25] 216.0
[20, 21] 1376.0
[20, 22] 1056.0
[20, 23] 768.0
[20, 24] 480.0
[20, 25] 224.0
[21, 22] 1072.0
[21, 23] 776.0
[21, 24] 496.0
[21, 25] 232.0
[22, 23] 784.0
[22, 24] 512.0
[22, 25] 240.0
[23, 24] 512.0
[23, 25] 248.0
[24, 25] 256.0
[1] -612.0
[2] -1284.0
[3] -2008.0
[4] -2776.0
[5] -3580.0
[6] -4412.0
[7] -5264.0
[8] -5628.0
[9] -5872.0
[10] -5996.0
[11] -6072.0
[12] -6108.0
[13] -6112.0
[14] -6108.0
[15] -6072.0
[16] -5996.0
[17] -5872.0
[18] -5628.0
[19] -5264.0
[20] -4412.0
[21] -3580.0
[22] -2776.0
[23] -2008.0
[24] -1284.0
[25] -612.0
