#Variables 50
#Constraints 0
Objsense Min
VariablesInfo
0.0 1.0 Bin
0.0 1.0 Bin
0.0 1.0 Bin
0.0 1.0 Bin
0.0 1.0 Bin
0.0 1.0 Bin
0.0 1.0 Bin
0.0 1.0 Bin
0.0 1.0 Bin
0.0 1.0 Bin
0.0 1.0 Bin
0.0 1.0 Bin
0.0 1.0 Bin
0.0 1.0 Bin
0.0 1.0 Bin
0.0 1.0 Bin
0.0 1.0 Bin
0.0 1.0 Bin
0.0 1.0 Bin
0.0 1.0 Bin
0.0 1.0 Bin
0.0 1.0 Bin
0.0 1.0 Bin
0.0 1.0 Bin
0.0 1.0 Bin
0.0 1.0 Bin
0.0 1.0 Bin
0.0 1.0 Bin
0.0 1.0 Bin
0.0 1.0 Bin
0.0 1.0 Bin
0.0 1.0 Bin
0.0 1.0 Bin
0.0 1.0 Bin
0.0 1.0 Bin
0.0 1.0 Bin
0.0 1.0 Bin
0.0 1.0 Bin
0.0 1.0 Bin
0.0 1.0 Bin
0.0 1.0 Bin
0.0 1.0 Bin
0.0 1.0 Bin
0.0 1.0 Bin
0.0 1.0 Bin
0.0 1.0 Bin
0.0 1.0 Bin
0.0 1.0 Bin
0.0 1.0 Bin
0.0 1.0 Bin
Objective 4457
Offset 0.0
[1, 2, 3, 4] 64.0
[1, 2, 4, 5] 64.0
[1, 2, 5, 6] 64.0
[1, 2, 6, 7] 64.0
[1, 2, 7, 8] 64.0
[1, 2, 8, 9] 64.0
[1, 2, 9, 10] 64.0
[1, 2, 10, 11] 64.0
[1, 2, 11, 12] 64.0
[1, 2, 12, 13] 64.0
[1, 3, 4, 6] 64.0
[1, 3, 5, 7] 64.0
[1, 3, 6, 8] 64.0
[1, 3, 7, 9] 64.0
[1, 3, 8, 10] 64.0
[1, 3, 9, 11] 64.0
[1, 3, 10, 12] 64.0
[1, 3, 11, 13] 64.0
[1, 4, 5, 8] 64.0
[1, 4, 6, 9] 64.0
[1, 4, 7, 10] 64.0
[1, 4, 8, 11] 64.0
[1, 4, 9, 12] 64.0
[1, 4, 10, 13] 64.0
[1, 5, 6, 10] 64.0
[1, 5, 7, 11] 64.0
[1, 5, 8, 12] 64.0
[1, 5, 9, 13] 64.0
[1, 6, 7, 12] 64.0
[1, 6, 8, 13] 64.0
[2, 3, 4, 5] 128.0
[2, 3, 5, 6] 128.0
[2, 3, 6, 7] 128.0
[2, 3, 7, 8] 128.0
[2, 3, 8, 9] 128.0
[2, 3, 9, 10] 128.0
[2, 3, 10, 11] 128.0
[2, 3, 11, 12] 128.0
[2, 3, 12, 13] 128.0
[2, 3, 13, 14] 64.0
[2, 4, 5, 7] 128.0
[2, 4, 6, 8] 128.0
[2, 4, 7, 9] 128.0
[2, 4, 8, 10] 128.0
[2, 4, 9, 11] 128.0
[2, 4, 10, 12] 128.0
[2, 4, 11, 13] 128.0
[2, 4, 12, 14] 64.0
[2, 5, 6, 9] 128.0
[2, 5, 7, 10] 128.0
[2, 5, 8, 11] 128.0
[2, 5, 9, 12] 128.0
[2, 5, 10, 13] 128.0
[2, 5, 11, 14] 64.0
[2, 6, 7, 11] 128.0
[2, 6, 8, 12] 128.0
[2, 6, 9, 13] 128.0
[2, 6, 10, 14] 64.0
[2, 7, 8, 13] 128.0
[2, 7, 9, 14] 64.0
[3, 4, 5, 6] 192.0
[3, 4, 6, 7] 192.0
[3, 4, 7, 8] 192.0
[3, 4, 8, 9] 192.0
[3, 4, 9, 10] 192.0
[3, 4, 10, 11] 192.0
[3, 4, 11, 12] 192.0
[3, 4, 12, 13] 192.0
[3, 4, 13, 14] 128.0
[3, 4, 14, 15] 64.0
[3, 5, 6, 8] 192.0
[3, 5, 7, 9] 192.0
[3, 5, 8, 10] 192.0
[3, 5, 9, 11] 192.0
[3, 5, 10, 12] 192.0
[3, 5, 11, 13] 192.0
[3, 5, 12, 14] 128.0
[3, 5, 13, 15] 64.0
[3, 6, 7, 10] 192.0
[3, 6, 8, 11] 192.0
[3, 6, 9, 12] 192.0
[3, 6, 10, 13] 192.0
[3, 6, 11, 14] 128.0
[3, 6, 12, 15] 64.0
[3, 7, 8, 12] 192.0
[3, 7, 9, 13] 192.0
[3, 7, 10, 14] 128.0
[3, 7, 11, 15] 64.0
[3, 8, 9, 14] 128.0
[3, 8, 10, 15] 64.0
[4, 5, 6, 7] 256.0
[4, 5, 7, 8] 256.0
[4, 5, 8, 9] 256.0
[4, 5, 9, 10] 256.0
[4, 5, 10, 11] 256.0
[4, 5, 11, 12] 256.0
[4, 5, 12, 13] 256.0
[4, 5, 13, 14] 192.0
[4, 5, 14, 15] 128.0
[4, 5, 15, 16] 64.0
[4, 6, 7, 9] 256.0
[4, 6, 8, 10] 256.0
[4, 6, 9, 11] 256.0
[4, 6, 10, 12] 256.0
[4, 6, 11, 13] 256.0
[4, 6, 12, 14] 192.0
[4, 6, 13, 15] 128.0
[4, 6, 14, 16] 64.0
[4, 7, 8, 11] 256.0
[4, 7, 9, 12] 256.0
[4, 7, 10, 13] 256.0
[4, 7, 11, 14] 192.0
[4, 7, 12, 15] 128.0
[4, 7, 13, 16] 64.0
[4, 8, 9, 13] 256.0
[4, 8, 10, 14] 192.0
[4, 8, 11, 15] 128.0
[4, 8, 12, 16] 64.0
[4, 9, 10, 15] 128.0
[4, 9, 11, 16] 64.0
[5, 6, 7, 8] 320.0
[5, 6, 8, 9] 320.0
[5, 6, 9, 10] 320.0
[5, 6, 10, 11] 320.0
[5, 6, 11, 12] 320.0
[5, 6, 12, 13] 320.0
[5, 6, 13, 14] 256.0
[5, 6, 14, 15] 192.0
[5, 6, 15, 16] 128.0
[5, 6, 16, 17] 64.0
[5, 7, 8, 10] 320.0
[5, 7, 9, 11] 320.0
[5, 7, 10, 12] 320.0
[5, 7, 11, 13] 320.0
[5, 7, 12, 14] 256.0
[5, 7, 13, 15] 192.0
[5, 7, 14, 16] 128.0
[5, 7, 15, 17] 64.0
[5, 8, 9, 12] 320.0
[5, 8, 10, 13] 320.0
[5, 8, 11, 14] 256.0
[5, 8, 12, 15] 192.0
[5, 8, 13, 16] 128.0
[5, 8, 14, 17] 64.0
[5, 9, 10, 14] 256.0
[5, 9, 11, 15] 192.0
[5, 9, 12, 16] 128.0
[5, 9, 13, 17] 64.0
[5, 10, 11, 16] 128.0
[5, 10, 12, 17] 64.0
[6, 7, 8, 9] 384.0
[6, 7, 9, 10] 384.0
[6, 7, 10, 11] 384.0
[6, 7, 11, 12] 384.0
[6, 7, 12, 13] 384.0
[6, 7, 13, 14] 320.0
[6, 7, 14, 15] 256.0
[6, 7, 15, 16] 192.0
[6, 7, 16, 17] 128.0
[6, 7, 17, 18] 64.0
[6, 8, 9, 11] 384.0
[6, 8, 10, 12] 384.0
[6, 8, 11, 13] 384.0
[6, 8, 12, 14] 320.0
[6, 8, 13, 15] 256.0
[6, 8, 14, 16] 192.0
[6, 8, 15, 17] 128.0
[6, 8, 16, 18] 64.0
[6, 9, 10, 13] 384.0
[6, 9, 11, 14] 320.0
[6, 9, 12, 15] 256.0
[6, 9, 13, 16] 192.0
[6, 9, 14, 17] 128.0
[6, 9, 15, 18] 64.0
[6, 10, 11, 15] 256.0
[6, 10, 12, 16] 192.0
[6, 10, 13, 17] 128.0
[6, 10, 14, 18] 64.0
[6, 11, 12, 17] 128.0
[6, 11, 13, 18] 64.0
[7, 8, 9, 10] 448.0
[7, 8, 10, 11] 448.0
[7, 8, 11, 12] 448.0
[7, 8, 12, 13] 448.0
[7, 8, 13, 14] 384.0
[7, 8, 14, 15] 320.0
[7, 8, 15, 16] 256.0
[7, 8, 16, 17] 192.0
[7, 8, 17, 18] 128.0
[7, 8, 18, 19] 64.0
[7, 9, 10, 12] 448.0
[7, 9, 11, 13] 448.0
[7, 9, 12, 14] 384.0
[7, 9, 13, 15] 320.0
[7, 9, 14, 16] 256.0
[7, 9, 15, 17] 192.0
[7, 9, 16, 18] 128.0
[7, 9, 17, 19] 64.0
[7, 10, 11, 14] 384.0
[7, 10, 12, 15] 320.0
[7, 10, 13, 16] 256.0
[7, 10, 14, 17] 192.0
[7, 10, 15, 18] 128.0
[7, 10, 16, 19] 64.0
[7, 11, 12, 16] 256.0
[7, 11, 13, 17] 192.0
[7, 11, 14, 18] 128.0
[7, 11, 15, 19] 64.0
[7, 12, 13, 18] 128.0
[7, 12, 14, 19] 64.0
[8, 9, 10, 11] 512.0
[8, 9, 11, 12] 512.0
[8, 9, 12, 13] 512.0
[8, 9, 13, 14] 448.0
[8, 9, 14, 15] 384.0
[8, 9, 15, 16] 320.0
[8, 9, 16, 17] 256.0
[8, 9, 17, 18] 192.0
[8, 9, 18, 19] 128.0
[8, 9, 19, 20] 64.0
[8, 10, 11, 13] 512.0
[8, 10, 12, 14] 448.0
[8, 10, 13, 15] 384.0
[8, 10, 14, 16] 320.0
[8, 10, 15, 17] 256.0
[8, 10, 16, 18] 192.0
[8, 10, 17, 19] 128.0
[8, 10, 18, 20] 64.0
[8, 11, 12, 15] 384.0
[8, 11, 13, 16] 320.0
[8, 11, 14, 17] 256.0
[8, 11, 15, 18] 192.0
[8, 11, 16, 19] 128.0
[8, 11, 17, 20] 64.0
[8, 12, 13, 17] 256.0
[8, 12, 14, 18] 192.0
[8, 12, 15, 19] 128.0
[8, 12, 16, 20] 64.0
[8, 13, 14, 19] 128.0
[8, 13, 15, 20] 64.0
[9, 10, 11, 12] 576.0
[9, 10, 12, 13] 576.0
[9, 10, 13, 14] 512.0
[9, 10, 14, 15] 448.0
[9, 10, 15, 16] 384.0
[9, 10, 16, 17] 320.0
[9, 10, 17, 18] 256.0
[9, 10, 18, 19] 192.0
[9, 10, 19, 20] 128.0
[9, 10, 20, 21] 64.0
[9, 11, 12, 14] 512.0
[9, 11, 13, 15] 448.0
[9, 11, 14, 16] 384.0
[9, 11, 15, 17] 320.0
[9, 11, 16, 18] 256.0
[9, 11, 17, 19] 192.0
[9, 11, 18, 20] 128.0
[9, 11, 19, 21] 64.0
[9, 12, 13, 16] 384.0
[9, 12, 14, 17] 320.0
[9, 12, 15, 18] 256.0
[9, 12, 16, 19] 192.0
[9, 12, 17, 20] 128.0
[9, 12, 18, 21] 64.0
[9, 13, 14, 18] 256.0
[9, 13, 15, 19] 192.0
[9, 13, 16, 20] 128.0
[9, 13, 17, 21] 64.0
[9, 14, 15, 20] 128.0
[9, 14, 16, 21] 64.0
[10, 11, 12, 13] 640.0
[10, 11, 13, 14] 576.0
[10, 11, 14, 15] 512.0
[10, 11, 15, 16] 448.0
[10, 11, 16, 17] 384.0
[10, 11, 17, 18] 320.0
[10, 11, 18, 19] 256.0
[10, 11, 19, 20] 192.0
[10, 11, 20, 21] 128.0
[10, 11, 21, 22] 64.0
[10, 12, 13, 15] 512.0
[10, 12, 14, 16] 448.0
[10, 12, 15, 17] 384.0
[10, 12, 16, 18] 320.0
[10, 12, 17, 19] 256.0
[10, 12, 18, 20] 192.0
[10, 12, 19, 21] 128.0
[10, 12, 20, 22] 64.0
[10, 13, 14, 17] 384.0
[10, 13, 15, 18] 320.0
[10, 13, 16, 19] 256.0
[10, 13, 17, 20] 192.0
[10, 13, 18, 21] 128.0
[10, 13, 19, 22] 64.0
[10, 14, 15, 19] 256.0
[10, 14, 16, 20] 192.0
[10, 14, 17, 21] 128.0
[10, 14, 18, 22] 64.0
[10, 15, 16, 21] 128.0
[10, 15, 17, 22] 64.0
[11, 12, 13, 14] 640.0
[11, 12, 14, 15] 576.0
[11, 12, 15, 16] 512.0
[11, 12, 16, 17] 448.0
[11, 12, 17, 18] 384.0
[11, 12, 18, 19] 320.0
[11, 12, 19, 20] 256.0
[11, 12, 20, 21] 192.0
[11, 12, 21, 22] 128.0
[11, 12, 22, 23] 64.0
[11, 13, 14, 16] 512.0
[11, 13, 15, 17] 448.0
[11, 13, 16, 18] 384.0
[11, 13, 17, 19] 320.0
[11, 13, 18, 20] 256.0
[11, 13, 19, 21] 192.0
[11, 13, 20, 22] 128.0
[11, 13, 21, 23] 64.0
[11, 14, 15, 18] 384.0
[11, 14, 16, 19] 320.0
[11, 14, 17, 20] 256.0
[11, 14, 18, 21] 192.0
[11, 14, 19, 22] 128.0
[11, 14, 20, 23] 64.0
[11, 15, 16, 20] 256.0
[11, 15, 17, 21] 192.0
[11, 15, 18, 22] 128.0
[11, 15, 19, 23] 64.0
[11, 16, 17, 22] 128.0
[11, 16, 18, 23] 64.0
[12, 13, 14, 15] 640.0
[12, 13, 15, 16] 576.0
[12, 13, 16, 17] 512.0
[12, 13, 17, 18] 448.0
[12, 13, 18, 19] 384.0
[12, 13, 19, 20] 320.0
[12, 13, 20, 21] 256.0
[12, 13, 21, 22] 192.0
[12, 13, 22, 23] 128.0
[12, 13, 23, 24] 64.0
[12, 14, 15, 17] 512.0
[12, 14, 16, 18] 448.0
[12, 14, 17, 19] 384.0
[12, 14, 18, 20] 320.0
[12, 14, 19, 21] 256.0
[12, 14, 20, 22] 192.0
[12, 14, 21, 23] 128.0
[12, 14, 22, 24] 64.0
[12, 15, 16, 19] 384.0
[12, 15, 17, 20] 320.0
[12, 15, 18, 21] 256.0
[12, 15, 19, 22] 192.0
[12, 15, 20, 23] 128.0
[12, 15, 21, 24] 64.0
[12, 16, 17, 21] 256.0
[12, 16, 18, 22] 192.0
[12, 16, 19, 23] 128.0
[12, 16, 20, 24] 64.0
[12, 17, 18, 23] 128.0
[12, 17, 19, 24] 64.0
[13, 14, 15, 16] 640.0
[13, 14, 16, 17] 576.0
[13, 14, 17, 18] 512.0
[13, 14, 18, 19] 448.0
[13, 14, 19, 20] 384.0
[13, 14, 20, 21] 320.0
[13, 14, 21, 22] 256.0
[13, 14, 22, 23] 192.0
[13, 14, 23, 24] 128.0
[13, 14, 24, 25] 64.0
[13, 15, 16, 18] 512.0
[13, 15, 17, 19] 448.0
[13, 15, 18, 20] 384.0
[13, 15, 19, 21] 320.0
[13, 15, 20, 22] 256.0
[13, 15, 21, 23] 192.0
[13, 15, 22, 24] 128.0
[13, 15, 23, 25] 64.0
[13, 16, 17, 20] 384.0
[13, 16, 18, 21] 320.0
[13, 16, 19, 22] 256.0
[13, 16, 20, 23] 192.0
[13, 16, 21, 24] 128.0
[13, 16, 22, 25] 64.0
[13, 17, 18, 22] 256.0
[13, 17, 19, 23] 192.0
[13, 17, 20, 24] 128.0
[13, 17, 21, 25] 64.0
[13, 18, 19, 24] 128.0
[13, 18, 20, 25] 64.0
[14, 15, 16, 17] 640.0
[14, 15, 17, 18] 576.0
[14, 15, 18, 19] 512.0
[14, 15, 19, 20] 448.0
[14, 15, 20, 21] 384.0
[14, 15, 21, 22] 320.0
[14, 15, 22, 23] 256.0
[14, 15, 23, 24] 192.0
[14, 15, 24, 25] 128.0
[14, 15, 25, 26] 64.0
[14, 16, 17, 19] 512.0
[14, 16, 18, 20] 448.0
[14, 16, 19, 21] 384.0
[14, 16, 20, 22] 320.0
[14, 16, 21, 23] 256.0
[14, 16, 22, 24] 192.0
[14, 16, 23, 25] 128.0
[14, 16, 24, 26] 64.0
[14, 17, 18, 21] 384.0
[14, 17, 19, 22] 320.0
[14, 17, 20, 23] 256.0
[14, 17, 21, 24] 192.0
[14, 17, 22, 25] 128.0
[14, 17, 23, 26] 64.0
[14, 18, 19, 23] 256.0
[14, 18, 20, 24] 192.0
[14, 18, 21, 25] 128.0
[14, 18, 22, 26] 64.0
[14, 19, 20, 25] 128.0
[14, 19, 21, 26] 64.0
[15, 16, 17, 18] 640.0
[15, 16, 18, 19] 576.0
[15, 16, 19, 20] 512.0
[15, 16, 20, 21] 448.0
[15, 16, 21, 22] 384.0
[15, 16, 22, 23] 320.0
[15, 16, 23, 24] 256.0
[15, 16, 24, 25] 192.0
[15, 16, 25, 26] 128.0
[15, 16, 26, 27] 64.0
[15, 17, 18, 20] 512.0
[15, 17, 19, 21] 448.0
[15, 17, 20, 22] 384.0
[15, 17, 21, 23] 320.0
[15, 17, 22, 24] 256.0
[15, 17, 23, 25] 192.0
[15, 17, 24, 26] 128.0
[15, 17, 25, 27] 64.0
[15, 18, 19, 22] 384.0
[15, 18, 20, 23] 320.0
[15, 18, 21, 24] 256.0
[15, 18, 22, 25] 192.0
[15, 18, 23, 26] 128.0
[15, 18, 24, 27] 64.0
[15, 19, 20, 24] 256.0
[15, 19, 21, 25] 192.0
[15, 19, 22, 26] 128.0
[15, 19, 23, 27] 64.0
[15, 20, 21, 26] 128.0
[15, 20, 22, 27] 64.0
[16, 17, 18, 19] 640.0
[16, 17, 19, 20] 576.0
[16, 17, 20, 21] 512.0
[16, 17, 21, 22] 448.0
[16, 17, 22, 23] 384.0
[16, 17, 23, 24] 320.0
[16, 17, 24, 25] 256.0
[16, 17, 25, 26] 192.0
[16, 17, 26, 27] 128.0
[16, 17, 27, 28] 64.0
[16, 18, 19, 21] 512.0
[16, 18, 20, 22] 448.0
[16, 18, 21, 23] 384.0
[16, 18, 22, 24] 320.0
[16, 18, 23, 25] 256.0
[16, 18, 24, 26] 192.0
[16, 18, 25, 27] 128.0
[16, 18, 26, 28] 64.0
[16, 19, 20, 23] 384.0
[16, 19, 21, 24] 320.0
[16, 19, 22, 25] 256.0
[16, 19, 23, 26] 192.0
[16, 19, 24, 27] 128.0
[16, 19, 25, 28] 64.0
[16, 20, 21, 25] 256.0
[16, 20, 22, 26] 192.0
[16, 20, 23, 27] 128.0
[16, 20, 24, 28] 64.0
[16, 21, 22, 27] 128.0
[16, 21, 23, 28] 64.0
[17, 18, 19, 20] 640.0
[17, 18, 20, 21] 576.0
[17, 18, 21, 22] 512.0
[17, 18, 22, 23] 448.0
[17, 18, 23, 24] 384.0
[17, 18, 24, 25] 320.0
[17, 18, 25, 26] 256.0
[17, 18, 26, 27] 192.0
[17, 18, 27, 28] 128.0
[17, 18, 28, 29] 64.0
[17, 19, 20, 22] 512.0
[17, 19, 21, 23] 448.0
[17, 19, 22, 24] 384.0
[17, 19, 23, 25] 320.0
[17, 19, 24, 26] 256.0
[17, 19, 25, 27] 192.0
[17, 19, 26, 28] 128.0
[17, 19, 27, 29] 64.0
[17, 20, 21, 24] 384.0
[17, 20, 22, 25] 320.0
[17, 20, 23, 26] 256.0
[17, 20, 24, 27] 192.0
[17, 20, 25, 28] 128.0
[17, 20, 26, 29] 64.0
[17, 21, 22, 26] 256.0
[17, 21, 23, 27] 192.0
[17, 21, 24, 28] 128.0
[17, 21, 25, 29] 64.0
[17, 22, 23, 28] 128.0
[17, 22, 24, 29] 64.0
[18, 19, 20, 21] 640.0
[18, 19, 21, 22] 576.0
[18, 19, 22, 23] 512.0
[18, 19, 23, 24] 448.0
[18, 19, 24, 25] 384.0
[18, 19, 25, 26] 320.0
[18, 19, 26, 27] 256.0
[18, 19, 27, 28] 192.0
[18, 19, 28, 29] 128.0
[18, 19, 29, 30] 64.0
[18, 20, 21, 23] 512.0
[18, 20, 22, 24] 448.0
[18, 20, 23, 25] 384.0
[18, 20, 24, 26] 320.0
[18, 20, 25, 27] 256.0
[18, 20, 26, 28] 192.0
[18, 20, 27, 29] 128.0
[18, 20, 28, 30] 64.0
[18, 21, 22, 25] 384.0
[18, 21, 23, 26] 320.0
[18, 21, 24, 27] 256.0
[18, 21, 25, 28] 192.0
[18, 21, 26, 29] 128.0
[18, 21, 27, 30] 64.0
[18, 22, 23, 27] 256.0
[18, 22, 24, 28] 192.0
[18, 22, 25, 29] 128.0
[18, 22, 26, 30] 64.0
[18, 23, 24, 29] 128.0
[18, 23, 25, 30] 64.0
[19, 20, 21, 22] 640.0
[19, 20, 22, 23] 576.0
[19, 20, 23, 24] 512.0
[19, 20, 24, 25] 448.0
[19, 20, 25, 26] 384.0
[19, 20, 26, 27] 320.0
[19, 20, 27, 28] 256.0
[19, 20, 28, 29] 192.0
[19, 20, 29, 30] 128.0
[19, 20, 30, 31] 64.0
[19, 21, 22, 24] 512.0
[19, 21, 23, 25] 448.0
[19, 21, 24, 26] 384.0
[19, 21, 25, 27] 320.0
[19, 21, 26, 28] 256.0
[19, 21, 27, 29] 192.0
[19, 21, 28, 30] 128.0
[19, 21, 29, 31] 64.0
[19, 22, 23, 26] 384.0
[19, 22, 24, 27] 320.0
[19, 22, 25, 28] 256.0
[19, 22, 26, 29] 192.0
[19, 22, 27, 30] 128.0
[19, 22, 28, 31] 64.0
[19, 23, 24, 28] 256.0
[19, 23, 25, 29] 192.0
[19, 23, 26, 30] 128.0
[19, 23, 27, 31] 64.0
[19, 24, 25, 30] 128.0
[19, 24, 26, 31] 64.0
[20, 21, 22, 23] 640.0
[20, 21, 23, 24] 576.0
[20, 21, 24, 25] 512.0
[20, 21, 25, 26] 448.0
[20, 21, 26, 27] 384.0
[20, 21, 27, 28] 320.0
[20, 21, 28, 29] 256.0
[20, 21, 29, 30] 192.0
[20, 21, 30, 31] 128.0
[20, 21, 31, 32] 64.0
[20, 22, 23, 25] 512.0
[20, 22, 24, 26] 448.0
[20, 22, 25, 27] 384.0
[20, 22, 26, 28] 320.0
[20, 22, 27, 29] 256.0
[20, 22, 28, 30] 192.0
[20, 22, 29, 31] 128.0
[20, 22, 30, 32] 64.0
[20, 23, 24, 27] 384.0
[20, 23, 25, 28] 320.0
[20, 23, 26, 29] 256.0
[20, 23, 27, 30] 192.0
[20, 23, 28, 31] 128.0
[20, 23, 29, 32] 64.0
[20, 24, 25, 29] 256.0
[20, 24, 26, 30] 192.0
[20, 24, 27, 31] 128.0
[20, 24, 28, 32] 64.0
[20, 25, 26, 31] 128.0
[20, 25, 27, 32] 64.0
[21, 22, 23, 24] 640.0
[21, 22, 24, 25] 576.0
[21, 22, 25, 26] 512.0
[21, 22, 26, 27] 448.0
[21, 22, 27, 28] 384.0
[21, 22, 28, 29] 320.0
[21, 22, 29, 30] 256.0
[21, 22, 30, 31] 192.0
[21, 22, 31, 32] 128.0
[21, 22, 32, 33] 64.0
[21, 23, 24, 26] 512.0
[21, 23, 25, 27] 448.0
[21, 23, 26, 28] 384.0
[21, 23, 27, 29] 320.0
[21, 23, 28, 30] 256.0
[21, 23, 29, 31] 192.0
[21, 23, 30, 32] 128.0
[21, 23, 31, 33] 64.0
[21, 24, 25, 28] 384.0
[21, 24, 26, 29] 320.0
[21, 24, 27, 30] 256.0
[21, 24, 28, 31] 192.0
[21, 24, 29, 32] 128.0
[21, 24, 30, 33] 64.0
[21, 25, 26, 30] 256.0
[21, 25, 27, 31] 192.0
[21, 25, 28, 32] 128.0
[21, 25, 29, 33] 64.0
[21, 26, 27, 32] 128.0
[21, 26, 28, 33] 64.0
[22, 23, 24, 25] 640.0
[22, 23, 25, 26] 576.0
[22, 23, 26, 27] 512.0
[22, 23, 27, 28] 448.0
[22, 23, 28, 29] 384.0
[22, 23, 29, 30] 320.0
[22, 23, 30, 31] 256.0
[22, 23, 31, 32] 192.0
[22, 23, 32, 33] 128.0
[22, 23, 33, 34] 64.0
[22, 24, 25, 27] 512.0
[22, 24, 26, 28] 448.0
[22, 24, 27, 29] 384.0
[22, 24, 28, 30] 320.0
[22, 24, 29, 31] 256.0
[22, 24, 30, 32] 192.0
[22, 24, 31, 33] 128.0
[22, 24, 32, 34] 64.0
[22, 25, 26, 29] 384.0
[22, 25, 27, 30] 320.0
[22, 25, 28, 31] 256.0
[22, 25, 29, 32] 192.0
[22, 25, 30, 33] 128.0
[22, 25, 31, 34] 64.0
[22, 26, 27, 31] 256.0
[22, 26, 28, 32] 192.0
[22, 26, 29, 33] 128.0
[22, 26, 30, 34] 64.0
[22, 27, 28, 33] 128.0
[22, 27, 29, 34] 64.0
[23, 24, 25, 26] 640.0
[23, 24, 26, 27] 576.0
[23, 24, 27, 28] 512.0
[23, 24, 28, 29] 448.0
[23, 24, 29, 30] 384.0
[23, 24, 30, 31] 320.0
[23, 24, 31, 32] 256.0
[23, 24, 32, 33] 192.0
[23, 24, 33, 34] 128.0
[23, 24, 34, 35] 64.0
[23, 25, 26, 28] 512.0
[23, 25, 27, 29] 448.0
[23, 25, 28, 30] 384.0
[23, 25, 29, 31] 320.0
[23, 25, 30, 32] 256.0
[23, 25, 31, 33] 192.0
[23, 25, 32, 34] 128.0
[23, 25, 33, 35] 64.0
[23, 26, 27, 30] 384.0
[23, 26, 28, 31] 320.0
[23, 26, 29, 32] 256.0
[23, 26, 30, 33] 192.0
[23, 26, 31, 34] 128.0
[23, 26, 32, 35] 64.0
[23, 27, 28, 32] 256.0
[23, 27, 29, 33] 192.0
[23, 27, 30, 34] 128.0
[23, 27, 31, 35] 64.0
[23, 28, 29, 34] 128.0
[23, 28, 30, 35] 64.0
[24, 25, 26, 27] 640.0
[24, 25, 27, 28] 576.0
[24, 25, 28, 29] 512.0
[24, 25, 29, 30] 448.0
[24, 25, 30, 31] 384.0
[24, 25, 31, 32] 320.0
[24, 25, 32, 33] 256.0
[24, 25, 33, 34] 192.0
[24, 25, 34, 35] 128.0
[24, 25, 35, 36] 64.0
[24, 26, 27, 29] 512.0
[24, 26, 28, 30] 448.0
[24, 26, 29, 31] 384.0
[24, 26, 30, 32] 320.0
[24, 26, 31, 33] 256.0
[24, 26, 32, 34] 192.0
[24, 26, 33, 35] 128.0
[24, 26, 34, 36] 64.0
[24, 27, 28, 31] 384.0
[24, 27, 29, 32] 320.0
[24, 27, 30, 33] 256.0
[24, 27, 31, 34] 192.0
[24, 27, 32, 35] 128.0
[24, 27, 33, 36] 64.0
[24, 28, 29, 33] 256.0
[24, 28, 30, 34] 192.0
[24, 28, 31, 35] 128.0
[24, 28, 32, 36] 64.0
[24, 29, 30, 35] 128.0
[24, 29, 31, 36] 64.0
[25, 26, 27, 28] 640.0
[25, 26, 28, 29] 576.0
[25, 26, 29, 30] 512.0
[25, 26, 30, 31] 448.0
[25, 26, 31, 32] 384.0
[25, 26, 32, 33] 320.0
[25, 26, 33, 34] 256.0
[25, 26, 34, 35] 192.0
[25, 26, 35, 36] 128.0
[25, 26, 36, 37] 64.0
[25, 27, 28, 30] 512.0
[25, 27, 29, 31] 448.0
[25, 27, 30, 32] 384.0
[25, 27, 31, 33] 320.0
[25, 27, 32, 34] 256.0
[25, 27, 33, 35] 192.0
[25, 27, 34, 36] 128.0
[25, 27, 35, 37] 64.0
[25, 28, 29, 32] 384.0
[25, 28, 30, 33] 320.0
[25, 28, 31, 34] 256.0
[25, 28, 32, 35] 192.0
[25, 28, 33, 36] 128.0
[25, 28, 34, 37] 64.0
[25, 29, 30, 34] 256.0
[25, 29, 31, 35] 192.0
[25, 29, 32, 36] 128.0
[25, 29, 33, 37] 64.0
[25, 30, 31, 36] 128.0
[25, 30, 32, 37] 64.0
[26, 27, 28, 29] 640.0
[26, 27, 29, 30] 576.0
[26, 27, 30, 31] 512.0
[26, 27, 31, 32] 448.0
[26, 27, 32, 33] 384.0
[26, 27, 33, 34] 320.0
[26, 27, 34, 35] 256.0
[26, 27, 35, 36] 192.0
[26, 27, 36, 37] 128.0
[26, 27, 37, 38] 64.0
[26, 28, 29, 31] 512.0
[26, 28, 30, 32] 448.0
[26, 28, 31, 33] 384.0
[26, 28, 32, 34] 320.0
[26, 28, 33, 35] 256.0
[26, 28, 34, 36] 192.0
[26, 28, 35, 37] 128.0
[26, 28, 36, 38] 64.0
[26, 29, 30, 33] 384.0
[26, 29, 31, 34] 320.0
[26, 29, 32, 35] 256.0
[26, 29, 33, 36] 192.0
[26, 29, 34, 37] 128.0
[26, 29, 35, 38] 64.0
[26, 30, 31, 35] 256.0
[26, 30, 32, 36] 192.0
[26, 30, 33, 37] 128.0
[26, 30, 34, 38] 64.0
[26, 31, 32, 37] 128.0
[26, 31, 33, 38] 64.0
[27, 28, 29, 30] 640.0
[27, 28, 30, 31] 576.0
[27, 28, 31, 32] 512.0
[27, 28, 32, 33] 448.0
[27, 28, 33, 34] 384.0
[27, 28, 34, 35] 320.0
[27, 28, 35, 36] 256.0
[27, 28, 36, 37] 192.0
[27, 28, 37, 38] 128.0
[27, 28, 38, 39] 64.0
[27, 29, 30, 32] 512.0
[27, 29, 31, 33] 448.0
[27, 29, 32, 34] 384.0
[27, 29, 33, 35] 320.0
[27, 29, 34, 36] 256.0
[27, 29, 35, 37] 192.0
[27, 29, 36, 38] 128.0
[27, 29, 37, 39] 64.0
[27, 30, 31, 34] 384.0
[27, 30, 32, 35] 320.0
[27, 30, 33, 36] 256.0
[27, 30, 34, 37] 192.0
[27, 30, 35, 38] 128.0
[27, 30, 36, 39] 64.0
[27, 31, 32, 36] 256.0
[27, 31, 33, 37] 192.0
[27, 31, 34, 38] 128.0
[27, 31, 35, 39] 64.0
[27, 32, 33, 38] 128.0
[27, 32, 34, 39] 64.0
[28, 29, 30, 31] 640.0
[28, 29, 31, 32] 576.0
[28, 29, 32, 33] 512.0
[28, 29, 33, 34] 448.0
[28, 29, 34, 35] 384.0
[28, 29, 35, 36] 320.0
[28, 29, 36, 37] 256.0
[28, 29, 37, 38] 192.0
[28, 29, 38, 39] 128.0
[28, 29, 39, 40] 64.0
[28, 30, 31, 33] 512.0
[28, 30, 32, 34] 448.0
[28, 30, 33, 35] 384.0
[28, 30, 34, 36] 320.0
[28, 30, 35, 37] 256.0
[28, 30, 36, 38] 192.0
[28, 30, 37, 39] 128.0
[28, 30, 38, 40] 64.0
[28, 31, 32, 35] 384.0
[28, 31, 33, 36] 320.0
[28, 31, 34, 37] 256.0
[28, 31, 35, 38] 192.0
[28, 31, 36, 39] 128.0
[28, 31, 37, 40] 64.0
[28, 32, 33, 37] 256.0
[28, 32, 34, 38] 192.0
[28, 32, 35, 39] 128.0
[28, 32, 36, 40] 64.0
[28, 33, 34, 39] 128.0
[28, 33, 35, 40] 64.0
[29, 30, 31, 32] 640.0
[29, 30, 32, 33] 576.0
[29, 30, 33, 34] 512.0
[29, 30, 34, 35] 448.0
[29, 30, 35, 36] 384.0
[29, 30, 36, 37] 320.0
[29, 30, 37, 38] 256.0
[29, 30, 38, 39] 192.0
[29, 30, 39, 40] 128.0
[29, 30, 40, 41] 64.0
[29, 31, 32, 34] 512.0
[29, 31, 33, 35] 448.0
[29, 31, 34, 36] 384.0
[29, 31, 35, 37] 320.0
[29, 31, 36, 38] 256.0
[29, 31, 37, 39] 192.0
[29, 31, 38, 40] 128.0
[29, 31, 39, 41] 64.0
[29, 32, 33, 36] 384.0
[29, 32, 34, 37] 320.0
[29, 32, 35, 38] 256.0
[29, 32, 36, 39] 192.0
[29, 32, 37, 40] 128.0
[29, 32, 38, 41] 64.0
[29, 33, 34, 38] 256.0
[29, 33, 35, 39] 192.0
[29, 33, 36, 40] 128.0
[29, 33, 37, 41] 64.0
[29, 34, 35, 40] 128.0
[29, 34, 36, 41] 64.0
[30, 31, 32, 33] 640.0
[30, 31, 33, 34] 576.0
[30, 31, 34, 35] 512.0
[30, 31, 35, 36] 448.0
[30, 31, 36, 37] 384.0
[30, 31, 37, 38] 320.0
[30, 31, 38, 39] 256.0
[30, 31, 39, 40] 192.0
[30, 31, 40, 41] 128.0
[30, 31, 41, 42] 64.0
[30, 32, 33, 35] 512.0
[30, 32, 34, 36] 448.0
[30, 32, 35, 37] 384.0
[30, 32, 36, 38] 320.0
[30, 32, 37, 39] 256.0
[30, 32, 38, 40] 192.0
[30, 32, 39, 41] 128.0
[30, 32, 40, 42] 64.0
[30, 33, 34, 37] 384.0
[30, 33, 35, 38] 320.0
[30, 33, 36, 39] 256.0
[30, 33, 37, 40] 192.0
[30, 33, 38, 41] 128.0
[30, 33, 39, 42] 64.0
[30, 34, 35, 39] 256.0
[30, 34, 36, 40] 192.0
[30, 34, 37, 41] 128.0
[30, 34, 38, 42] 64.0
[30, 35, 36, 41] 128.0
[30, 35, 37, 42] 64.0
[31, 32, 33, 34] 640.0
[31, 32, 34, 35] 576.0
[31, 32, 35, 36] 512.0
[31, 32, 36, 37] 448.0
[31, 32, 37, 38] 384.0
[31, 32, 38, 39] 320.0
[31, 32, 39, 40] 256.0
[31, 32, 40, 41] 192.0
[31, 32, 41, 42] 128.0
[31, 32, 42, 43] 64.0
[31, 33, 34, 36] 512.0
[31, 33, 35, 37] 448.0
[31, 33, 36, 38] 384.0
[31, 33, 37, 39] 320.0
[31, 33, 38, 40] 256.0
[31, 33, 39, 41] 192.0
[31, 33, 40, 42] 128.0
[31, 33, 41, 43] 64.0
[31, 34, 35, 38] 384.0
[31, 34, 36, 39] 320.0
[31, 34, 37, 40] 256.0
[31, 34, 38, 41] 192.0
[31, 34, 39, 42] 128.0
[31, 34, 40, 43] 64.0
[31, 35, 36, 40] 256.0
[31, 35, 37, 41] 192.0
[31, 35, 38, 42] 128.0
[31, 35, 39, 43] 64.0
[31, 36, 37, 42] 128.0
[31, 36, 38, 43] 64.0
[32, 33, 34, 35] 640.0
[32, 33, 35, 36] 576.0
[32, 33, 36, 37] 512.0
[32, 33, 37, 38] 448.0
[32, 33, 38, 39] 384.0
[32, 33, 39, 40] 320.0
[32, 33, 40, 41] 256.0
[32, 33, 41, 42] 192.0
[32, 33, 42, 43] 128.0
[32, 33, 43, 44] 64.0
[32, 34, 35, 37] 512.0
[32, 34, 36, 38] 448.0
[32, 34, 37, 39] 384.0
[32, 34, 38, 40] 320.0
[32, 34, 39, 41] 256.0
[32, 34, 40, 42] 192.0
[32, 34, 41, 43] 128.0
[32, 34, 42, 44] 64.0
[32, 35, 36, 39] 384.0
[32, 35, 37, 40] 320.0
[32, 35, 38, 41] 256.0
[32, 35, 39, 42] 192.0
[32, 35, 40, 43] 128.0
[32, 35, 41, 44] 64.0
[32, 36, 37, 41] 256.0
[32, 36, 38, 42] 192.0
[32, 36, 39, 43] 128.0
[32, 36, 40, 44] 64.0
[32, 37, 38, 43] 128.0
[32, 37, 39, 44] 64.0
[33, 34, 35, 36] 640.0
[33, 34, 36, 37] 576.0
[33, 34, 37, 38] 512.0
[33, 34, 38, 39] 448.0
[33, 34, 39, 40] 384.0
[33, 34, 40, 41] 320.0
[33, 34, 41, 42] 256.0
[33, 34, 42, 43] 192.0
[33, 34, 43, 44] 128.0
[33, 34, 44, 45] 64.0
[33, 35, 36, 38] 512.0
[33, 35, 37, 39] 448.0
[33, 35, 38, 40] 384.0
[33, 35, 39, 41] 320.0
[33, 35, 40, 42] 256.0
[33, 35, 41, 43] 192.0
[33, 35, 42, 44] 128.0
[33, 35, 43, 45] 64.0
[33, 36, 37, 40] 384.0
[33, 36, 38, 41] 320.0
[33, 36, 39, 42] 256.0
[33, 36, 40, 43] 192.0
[33, 36, 41, 44] 128.0
[33, 36, 42, 45] 64.0
[33, 37, 38, 42] 256.0
[33, 37, 39, 43] 192.0
[33, 37, 40, 44] 128.0
[33, 37, 41, 45] 64.0
[33, 38, 39, 44] 128.0
[33, 38, 40, 45] 64.0
[34, 35, 36, 37] 640.0
[34, 35, 37, 38] 576.0
[34, 35, 38, 39] 512.0
[34, 35, 39, 40] 448.0
[34, 35, 40, 41] 384.0
[34, 35, 41, 42] 320.0
[34, 35, 42, 43] 256.0
[34, 35, 43, 44] 192.0
[34, 35, 44, 45] 128.0
[34, 35, 45, 46] 64.0
[34, 36, 37, 39] 512.0
[34, 36, 38, 40] 448.0
[34, 36, 39, 41] 384.0
[34, 36, 40, 42] 320.0
[34, 36, 41, 43] 256.0
[34, 36, 42, 44] 192.0
[34, 36, 43, 45] 128.0
[34, 36, 44, 46] 64.0
[34, 37, 38, 41] 384.0
[34, 37, 39, 42] 320.0
[34, 37, 40, 43] 256.0
[34, 37, 41, 44] 192.0
[34, 37, 42, 45] 128.0
[34, 37, 43, 46] 64.0
[34, 38, 39, 43] 256.0
[34, 38, 40, 44] 192.0
[34, 38, 41, 45] 128.0
[34, 38, 42, 46] 64.0
[34, 39, 40, 45] 128.0
[34, 39, 41, 46] 64.0
[35, 36, 37, 38] 640.0
[35, 36, 38, 39] 576.0
[35, 36, 39, 40] 512.0
[35, 36, 40, 41] 448.0
[35, 36, 41, 42] 384.0
[35, 36, 42, 43] 320.0
[35, 36, 43, 44] 256.0
[35, 36, 44, 45] 192.0
[35, 36, 45, 46] 128.0
[35, 36, 46, 47] 64.0
[35, 37, 38, 40] 512.0
[35, 37, 39, 41] 448.0
[35, 37, 40, 42] 384.0
[35, 37, 41, 43] 320.0
[35, 37, 42, 44] 256.0
[35, 37, 43, 45] 192.0
[35, 37, 44, 46] 128.0
[35, 37, 45, 47] 64.0
[35, 38, 39, 42] 384.0
[35, 38, 40, 43] 320.0
[35, 38, 41, 44] 256.0
[35, 38, 42, 45] 192.0
[35, 38, 43, 46] 128.0
[35, 38, 44, 47] 64.0
[35, 39, 40, 44] 256.0
[35, 39, 41, 45] 192.0
[35, 39, 42, 46] 128.0
[35, 39, 43, 47] 64.0
[35, 40, 41, 46] 128.0
[35, 40, 42, 47] 64.0
[36, 37, 38, 39] 640.0
[36, 37, 39, 40] 576.0
[36, 37, 40, 41] 512.0
[36, 37, 41, 42] 448.0
[36, 37, 42, 43] 384.0
[36, 37, 43, 44] 320.0
[36, 37, 44, 45] 256.0
[36, 37, 45, 46] 192.0
[36, 37, 46, 47] 128.0
[36, 37, 47, 48] 64.0
[36, 38, 39, 41] 512.0
[36, 38, 40, 42] 448.0
[36, 38, 41, 43] 384.0
[36, 38, 42, 44] 320.0
[36, 38, 43, 45] 256.0
[36, 38, 44, 46] 192.0
[36, 38, 45, 47] 128.0
[36, 38, 46, 48] 64.0
[36, 39, 40, 43] 384.0
[36, 39, 41, 44] 320.0
[36, 39, 42, 45] 256.0
[36, 39, 43, 46] 192.0
[36, 39, 44, 47] 128.0
[36, 39, 45, 48] 64.0
[36, 40, 41, 45] 256.0
[36, 40, 42, 46] 192.0
[36, 40, 43, 47] 128.0
[36, 40, 44, 48] 64.0
[36, 41, 42, 47] 128.0
[36, 41, 43, 48] 64.0
[37, 38, 39, 40] 640.0
[37, 38, 40, 41] 576.0
[37, 38, 41, 42] 512.0
[37, 38, 42, 43] 448.0
[37, 38, 43, 44] 384.0
[37, 38, 44, 45] 320.0
[37, 38, 45, 46] 256.0
[37, 38, 46, 47] 192.0
[37, 38, 47, 48] 128.0
[37, 38, 48, 49] 64.0
[37, 39, 40, 42] 512.0
[37, 39, 41, 43] 448.0
[37, 39, 42, 44] 384.0
[37, 39, 43, 45] 320.0
[37, 39, 44, 46] 256.0
[37, 39, 45, 47] 192.0
[37, 39, 46, 48] 128.0
[37, 39, 47, 49] 64.0
[37, 40, 41, 44] 384.0
[37, 40, 42, 45] 320.0
[37, 40, 43, 46] 256.0
[37, 40, 44, 47] 192.0
[37, 40, 45, 48] 128.0
[37, 40, 46, 49] 64.0
[37, 41, 42, 46] 256.0
[37, 41, 43, 47] 192.0
[37, 41, 44, 48] 128.0
[37, 41, 45, 49] 64.0
[37, 42, 43, 48] 128.0
[37, 42, 44, 49] 64.0
[38, 39, 40, 41] 640.0
[38, 39, 41, 42] 576.0
[38, 39, 42, 43] 512.0
[38, 39, 43, 44] 448.0
[38, 39, 44, 45] 384.0
[38, 39, 45, 46] 320.0
[38, 39, 46, 47] 256.0
[38, 39, 47, 48] 192.0
[38, 39, 48, 49] 128.0
[38, 39, 49, 50] 64.0
[38, 40, 41, 43] 512.0
[38, 40, 42, 44] 448.0
[38, 40, 43, 45] 384.0
[38, 40, 44, 46] 320.0
[38, 40, 45, 47] 256.0
[38, 40, 46, 48] 192.0
[38, 40, 47, 49] 128.0
[38, 40, 48, 50] 64.0
[38, 41, 42, 45] 384.0
[38, 41, 43, 46] 320.0
[38, 41, 44, 47] 256.0
[38, 41, 45, 48] 192.0
[38, 41, 46, 49] 128.0
[38, 41, 47, 50] 64.0
[38, 42, 43, 47] 256.0
[38, 42, 44, 48] 192.0
[38, 42, 45, 49] 128.0
[38, 42, 46, 50] 64.0
[38, 43, 44, 49] 128.0
[38, 43, 45, 50] 64.0
[39, 40, 41, 42] 576.0
[39, 40, 42, 43] 512.0
[39, 40, 43, 44] 448.0
[39, 40, 44, 45] 384.0
[39, 40, 45, 46] 320.0
[39, 40, 46, 47] 256.0
[39, 40, 47, 48] 192.0
[39, 40, 48, 49] 128.0
[39, 40, 49, 50] 64.0
[39, 41, 42, 44] 448.0
[39, 41, 43, 45] 384.0
[39, 41, 44, 46] 320.0
[39, 41, 45, 47] 256.0
[39, 41, 46, 48] 192.0
[39, 41, 47, 49] 128.0
[39, 41, 48, 50] 64.0
[39, 42, 43, 46] 320.0
[39, 42, 44, 47] 256.0
[39, 42, 45, 48] 192.0
[39, 42, 46, 49] 128.0
[39, 42, 47, 50] 64.0
[39, 43, 44, 48] 192.0
[39, 43, 45, 49] 128.0
[39, 43, 46, 50] 64.0
[39, 44, 45, 50] 64.0
[40, 41, 42, 43] 512.0
[40, 41, 43, 44] 448.0
[40, 41, 44, 45] 384.0
[40, 41, 45, 46] 320.0
[40, 41, 46, 47] 256.0
[40, 41, 47, 48] 192.0
[40, 41, 48, 49] 128.0
[40, 41, 49, 50] 64.0
[40, 42, 43, 45] 384.0
[40, 42, 44, 46] 320.0
[40, 42, 45, 47] 256.0
[40, 42, 46, 48] 192.0
[40, 42, 47, 49] 128.0
[40, 42, 48, 50] 64.0
[40, 43, 44, 47] 256.0
[40, 43, 45, 48] 192.0
[40, 43, 46, 49] 128.0
[40, 43, 47, 50] 64.0
[40, 44, 45, 49] 128.0
[40, 44, 46, 50] 64.0
[41, 42, 43, 44] 448.0
[41, 42, 44, 45] 384.0
[41, 42, 45, 46] 320.0
[41, 42, 46, 47] 256.0
[41, 42, 47, 48] 192.0
[41, 42, 48, 49] 128.0
[41, 42, 49, 50] 64.0
[41, 43, 44, 46] 320.0
[41, 43, 45, 47] 256.0
[41, 43, 46, 48] 192.0
[41, 43, 47, 49] 128.0
[41, 43, 48, 50] 64.0
[41, 44, 45, 48] 192.0
[41, 44, 46, 49] 128.0
[41, 44, 47, 50] 64.0
[41, 45, 46, 50] 64.0
[42, 43, 44, 45] 384.0
[42, 43, 45, 46] 320.0
[42, 43, 46, 47] 256.0
[42, 43, 47, 48] 192.0
[42, 43, 48, 49] 128.0
[42, 43, 49, 50] 64.0
[42, 44, 45, 47] 256.0
[42, 44, 46, 48] 192.0
[42, 44, 47, 49] 128.0
[42, 44, 48, 50] 64.0
[42, 45, 46, 49] 128.0
[42, 45, 47, 50] 64.0
[43, 44, 45, 46] 320.0
[43, 44, 46, 47] 256.0
[43, 44, 47, 48] 192.0
[43, 44, 48, 49] 128.0
[43, 44, 49, 50] 64.0
[43, 45, 46, 48] 192.0
[43, 45, 47, 49] 128.0
[43, 45, 48, 50] 64.0
[43, 46, 47, 50] 64.0
[44, 45, 46, 47] 256.0
[44, 45, 47, 48] 192.0
[44, 45, 48, 49] 128.0
[44, 45, 49, 50] 64.0
[44, 46, 47, 49] 128.0
[44, 46, 48, 50] 64.0
[45, 46, 47, 48] 192.0
[45, 46, 48, 49] 128.0
[45, 46, 49, 50] 64.0
[45, 47, 48, 50] 64.0
[46, 47, 48, 49] 128.0
[46, 47, 49, 50] 64.0
[47, 48, 49, 50] 64.0
[1, 2, 3] -32.0
[1, 2, 4] -64.0
[1, 2, 5] -64.0
[1, 2, 6] -64.0
[1, 2, 7] -64.0
[1, 2, 8] -64.0
[1, 2, 9] -64.0
[1, 2, 10] -64.0
[1, 2, 11] -64.0
[1, 2, 12] -64.0
[1, 2, 13] -32.0
[1, 3, 4] -64.0
[1, 3, 5] -32.0
[1, 3, 6] -64.0
[1, 3, 7] -64.0
[1, 3, 8] -64.0
[1, 3, 9] -64.0
[1, 3, 10] -64.0
[1, 3, 11] -64.0
[1, 3, 12] -32.0
[1, 3, 13] -32.0
[1, 4, 5] -64.0
[1, 4, 6] -64.0
[1, 4, 7] -32.0
[1, 4, 8] -64.0
[1, 4, 9] -64.0
[1, 4, 10] -64.0
[1, 4, 11] -32.0
[1, 4, 12] -32.0
[1, 4, 13] -32.0
[1, 5, 6] -64.0
[1, 5, 7] -64.0
[1, 5, 8] -64.0
[1, 5, 9] -32.0
[1, 5, 10] -32.0
[1, 5, 11] -32.0
[1, 5, 12] -32.0
[1, 5, 13] -32.0
[1, 6, 7] -64.0
[1, 6, 8] -64.0
[1, 6, 9] -32.0
[1, 6, 10] -32.0
[1, 6, 12] -32.0
[1, 6, 13] -32.0
[1, 7, 8] -32.0
[1, 7, 9] -32.0
[1, 7, 10] -32.0
[1, 7, 11] -32.0
[1, 7, 12] -32.0
[1, 8, 9] -32.0
[1, 8, 10] -32.0
[1, 8, 11] -32.0
[1, 8, 12] -32.0
[1, 8, 13] -32.0
[1, 9, 10] -32.0
[1, 9, 11] -32.0
[1, 9, 12] -32.0
[1, 9, 13] -32.0
[1, 10, 11] -32.0
[1, 10, 12] -32.0
[1, 10, 13] -32.0
[1, 11, 12] -32.0
[1, 11, 13] -32.0
[1, 12, 13] -32.0
[2, 3, 4] -96.0
[2, 3, 5] -128.0
[2, 3, 6] -128.0
[2, 3, 7] -128.0
[2, 3, 8] -128.0
[2, 3, 9] -128.0
[2, 3, 10] -128.0
[2, 3, 11] -128.0
[2, 3, 12] -128.0
[2, 3, 13] -96.0
[2, 3, 14] -32.0
[2, 4, 5] -160.0
[2, 4, 6] -64.0
[2, 4, 7] -128.0
[2, 4, 8] -128.0
[2, 4, 9] -128.0
[2, 4, 10] -128.0
[2, 4, 11] -128.0
[2, 4, 12] -96.0
[2, 4, 13] -64.0
[2, 4, 14] -32.0
[2, 5, 6] -160.0
[2, 5, 7] -128.0
[2, 5, 8] -64.0
[2, 5, 9] -128.0
[2, 5, 10] -128.0
[2, 5, 11] -96.0
[2, 5, 12] -64.0
[2, 5, 13] -64.0
[2, 5, 14] -32.0
[2, 6, 7] -160.0
[2, 6, 8] -128.0
[2, 6, 9] -128.0
[2, 6, 10] -32.0
[2, 6, 11] -64.0
[2, 6, 12] -64.0
[2, 6, 13] -64.0
[2, 6, 14] -32.0
[2, 7, 8] -160.0
[2, 7, 9] -96.0
[2, 7, 10] -64.0
[2, 7, 11] -64.0
[2, 7, 13] -64.0
[2, 7, 14] -32.0
[2, 8, 9] -96.0
[2, 8, 10] -64.0
[2, 8, 11] -64.0
[2, 8, 12] -64.0
[2, 8, 13] -64.0
[2, 9, 10] -96.0
[2, 9, 11] -64.0
[2, 9, 12] -64.0
[2, 9, 13] -64.0
[2, 9, 14] -32.0
[2, 10, 11] -96.0
[2, 10, 12] -64.0
[2, 10, 13] -64.0
[2, 10, 14] -32.0
[2, 11, 12] -96.0
[2, 11, 13] -64.0
[2, 11, 14] -32.0
[2, 12, 13] -96.0
[2, 12, 14] -32.0
[2, 13, 14] -32.0
[3, 4, 5] -160.0
[3, 4, 6] -224.0
[3, 4, 7] -192.0
[3, 4, 8] -192.0
[3, 4, 9] -192.0
[3, 4, 10] -192.0
[3, 4, 11] -192.0
[3, 4, 12] -192.0
[3, 4, 13] -160.0
[3, 4, 14] -96.0
[3, 4, 15] -32.0
[3, 5, 6] -256.0
[3, 5, 7] -128.0
[3, 5, 8] -192.0
[3, 5, 9] -192.0
[3, 5, 10] -192.0
[3, 5, 11] -192.0
[3, 5, 12] -160.0
[3, 5, 13] -128.0
[3, 5, 14] -64.0
[3, 5, 15] -32.0
[3, 6, 7] -256.0
[3, 6, 8] -224.0
[3, 6, 9] -96.0
[3, 6, 10] -192.0
[3, 6, 11] -160.0
[3, 6, 12] -128.0
[3, 6, 13] -96.0
[3, 6, 14] -64.0
[3, 6, 15] -32.0
[3, 7, 8] -256.0
[3, 7, 9] -224.0
[3, 7, 10] -160.0
[3, 7, 11] -32.0
[3, 7, 12] -96.0
[3, 7, 13] -96.0
[3, 7, 14] -64.0
[3, 7, 15] -32.0
[3, 8, 9] -224.0
[3, 8, 10] -160.0
[3, 8, 11] -96.0
[3, 8, 12] -96.0
[3, 8, 14] -64.0
[3, 8, 15] -32.0
[3, 9, 10] -160.0
[3, 9, 11] -128.0
[3, 9, 12] -96.0
[3, 9, 13] -96.0
[3, 9, 14] -64.0
[3, 10, 11] -160.0
[3, 10, 12] -128.0
[3, 10, 13] -96.0
[3, 10, 14] -64.0
[3, 10, 15] -32.0
[3, 11, 12] -160.0
[3, 11, 13] -128.0
[3, 11, 14] -64.0
[3, 11, 15] -32.0
[3, 12, 13] -160.0
[3, 12, 14] -64.0
[3, 12, 15] -32.0
[3, 13, 14] -96.0
[3, 13, 15] -32.0
[3, 14, 15] -32.0
[4, 5, 6] -224.0
[4, 5, 7] -320.0
[4, 5, 8] -288.0
[4, 5, 9] -256.0
[4, 5, 10] -256.0
[4, 5, 11] -256.0
[4, 5, 12] -256.0
[4, 5, 13] -224.0
[4, 5, 14] -160.0
[4, 5, 15] -96.0
[4, 5, 16] -32.0
[4, 6, 7] -352.0
[4, 6, 8] -192.0
[4, 6, 9] -288.0
[4, 6, 10] -256.0
[4, 6, 11] -256.0
[4, 6, 12] -224.0
[4, 6, 13] -192.0
[4, 6, 14] -128.0
[4, 6, 15] -64.0
[4, 6, 16] -32.0
[4, 7, 8] -352.0
[4, 7, 9] -320.0
[4, 7, 10] -160.0
[4, 7, 11] -224.0
[4, 7, 12] -192.0
[4, 7, 13] -160.0
[4, 7, 14] -96.0
[4, 7, 15] -64.0
[4, 7, 16] -32.0
[4, 8, 9] -352.0
[4, 8, 10] -288.0
[4, 8, 11] -224.0
[4, 8, 12] -32.0
[4, 8, 13] -128.0
[4, 8, 14] -96.0
[4, 8, 15] -64.0
[4, 8, 16] -32.0
[4, 9, 10] -288.0
[4, 9, 11] -224.0
[4, 9, 12] -160.0
[4, 9, 13] -128.0
[4, 9, 15] -64.0
[4, 9, 16] -32.0
[4, 10, 11] -224.0
[4, 10, 12] -192.0
[4, 10, 13] -160.0
[4, 10, 14] -96.0
[4, 10, 15] -64.0
[4, 11, 12] -224.0
[4, 11, 13] -192.0
[4, 11, 14] -96.0
[4, 11, 15] -64.0
[4, 11, 16] -32.0
[4, 12, 13] -224.0
[4, 12, 14] -128.0
[4, 12, 15] -64.0
[4, 12, 16] -32.0
[4, 13, 14] -160.0
[4, 13, 15] -64.0
[4, 13, 16] -32.0
[4, 14, 15] -96.0
[4, 14, 16] -32.0
[4, 15, 16] -32.0
[5, 6, 7] -288.0
[5, 6, 8] -416.0
[5, 6, 9] -384.0
[5, 6, 10] -352.0
[5, 6, 11] -320.0
[5, 6, 12] -320.0
[5, 6, 13] -288.0
[5, 6, 14] -224.0
[5, 6, 15] -160.0
[5, 6, 16] -96.0
[5, 6, 17] -32.0
[5, 7, 8] -448.0
[5, 7, 9] -256.0
[5, 7, 10] -384.0
[5, 7, 11] -352.0
[5, 7, 12] -288.0
[5, 7, 13] -256.0
[5, 7, 14] -192.0
[5, 7, 15] -128.0
[5, 7, 16] -64.0
[5, 7, 17] -32.0
[5, 8, 9] -448.0
[5, 8, 10] -416.0
[5, 8, 11] -192.0
[5, 8, 12] -288.0
[5, 8, 13] -224.0
[5, 8, 14] -160.0
[5, 8, 15] -96.0
[5, 8, 16] -64.0
[5, 8, 17] -32.0
[5, 9, 10] -416.0
[5, 9, 11] -352.0
[5, 9, 12] -288.0
[5, 9, 13] -64.0
[5, 9, 14] -128.0
[5, 9, 15] -96.0
[5, 9, 16] -64.0
[5, 9, 17] -32.0
[5, 10, 11] -352.0
[5, 10, 12] -288.0
[5, 10, 13] -224.0
[5, 10, 14] -128.0
[5, 10, 16] -64.0
[5, 10, 17] -32.0
[5, 11, 12] -288.0
[5, 11, 13] -256.0
[5, 11, 14] -160.0
[5, 11, 15] -96.0
[5, 11, 16] -64.0
[5, 12, 13] -288.0
[5, 12, 14] -192.0
[5, 12, 15] -96.0
[5, 12, 16] -64.0
[5, 12, 17] -32.0
[5, 13, 14] -224.0
[5, 13, 15] -128.0
[5, 13, 16] -64.0
[5, 13, 17] -32.0
[5, 14, 15] -160.0
[5, 14, 16] -64.0
[5, 14, 17] -32.0
[5, 15, 16] -96.0
[5, 15, 17] -32.0
[5, 16, 17] -32.0
[6, 7, 8] -352.0
[6, 7, 9] -512.0
[6, 7, 10] -480.0
[6, 7, 11] -448.0
[6, 7, 12] -416.0
[6, 7, 13] -352.0
[6, 7, 14] -288.0
[6, 7, 15] -224.0
[6, 7, 16] -160.0
[6, 7, 17] -96.0
[6, 7, 18] -32.0
[6, 8, 9] -544.0
[6, 8, 10] -320.0
[6, 8, 11] -480.0
[6, 8, 12] -416.0
[6, 8, 13] -352.0
[6, 8, 14] -256.0
[6, 8, 15] -192.0
[6, 8, 16] -128.0
[6, 8, 17] -64.0
[6, 8, 18] -32.0
[6, 9, 10] -544.0
[6, 9, 11] -480.0
[6, 9, 12] -224.0
[6, 9, 13] -352.0
[6, 9, 14] -224.0
[6, 9, 15] -160.0
[6, 9, 16] -96.0
[6, 9, 17] -64.0
[6, 9, 18] -32.0
[6, 10, 11] -480.0
[6, 10, 12] -416.0
[6, 10, 13] -352.0
[6, 10, 14] -64.0
[6, 10, 15] -128.0
[6, 10, 16] -96.0
[6, 10, 17] -64.0
[6, 10, 18] -32.0
[6, 11, 12] -416.0
[6, 11, 13] -352.0
[6, 11, 14] -224.0
[6, 11, 15] -128.0
[6, 11, 17] -64.0
[6, 11, 18] -32.0
[6, 12, 13] -352.0
[6, 12, 14] -256.0
[6, 12, 15] -160.0
[6, 12, 16] -96.0
[6, 12, 17] -64.0
[6, 13, 14] -288.0
[6, 13, 15] -192.0
[6, 13, 16] -96.0
[6, 13, 17] -64.0
[6, 13, 18] -32.0
[6, 14, 15] -224.0
[6, 14, 16] -128.0
[6, 14, 17] -64.0
[6, 14, 18] -32.0
[6, 15, 16] -160.0
[6, 15, 17] -64.0
[6, 15, 18] -32.0
[6, 16, 17] -96.0
[6, 16, 18] -32.0
[6, 17, 18] -32.0
[7, 8, 9] -416.0
[7, 8, 10] -608.0
[7, 8, 11] -576.0
[7, 8, 12] -544.0
[7, 8, 13] -480.0
[7, 8, 14] -352.0
[7, 8, 15] -288.0
[7, 8, 16] -224.0
[7, 8, 17] -160.0
[7, 8, 18] -96.0
[7, 8, 19] -32.0
[7, 9, 10] -640.0
[7, 9, 11] -384.0
[7, 9, 12] -544.0
[7, 9, 13] -480.0
[7, 9, 14] -352.0
[7, 9, 15] -256.0
[7, 9, 16] -192.0
[7, 9, 17] -128.0
[7, 9, 18] -64.0
[7, 9, 19] -32.0
[7, 10, 11] -608.0
[7, 10, 12] -544.0
[7, 10, 13] -256.0
[7, 10, 14] -352.0
[7, 10, 15] -224.0
[7, 10, 16] -160.0
[7, 10, 17] -96.0
[7, 10, 18] -64.0
[7, 10, 19] -32.0
[7, 11, 12] -544.0
[7, 11, 13] -480.0
[7, 11, 14] -352.0
[7, 11, 15] -64.0
[7, 11, 16] -128.0
[7, 11, 17] -96.0
[7, 11, 18] -64.0
[7, 11, 19] -32.0
[7, 12, 13] -480.0
[7, 12, 14] -352.0
[7, 12, 15] -224.0
[7, 12, 16] -128.0
[7, 12, 18] -64.0
[7, 12, 19] -32.0
[7, 13, 14] -352.0
[7, 13, 15] -256.0
[7, 13, 16] -160.0
[7, 13, 17] -96.0
[7, 13, 18] -64.0
[7, 14, 15] -288.0
[7, 14, 16] -192.0
[7, 14, 17] -96.0
[7, 14, 18] -64.0
[7, 14, 19] -32.0
[7, 15, 16] -224.0
[7, 15, 17] -128.0
[7, 15, 18] -64.0
[7, 15, 19] -32.0
[7, 16, 17] -160.0
[7, 16, 18] -64.0
[7, 16, 19] -32.0
[7, 17, 18] -96.0
[7, 17, 19] -32.0
[7, 18, 19] -32.0
[8, 9, 10] -480.0
[8, 9, 11] -704.0
[8, 9, 12] -672.0
[8, 9, 13] -608.0
[8, 9, 14] -480.0
[8, 9, 15] -352.0
[8, 9, 16] -288.0
[8, 9, 17] -224.0
[8, 9, 18] -160.0
[8, 9, 19] -96.0
[8, 9, 20] -32.0
[8, 10, 11] -736.0
[8, 10, 12] -416.0
[8, 10, 13] -608.0
[8, 10, 14] -480.0
[8, 10, 15] -352.0
[8, 10, 16] -256.0
[8, 10, 17] -192.0
[8, 10, 18] -128.0
[8, 10, 19] -64.0
[8, 10, 20] -32.0
[8, 11, 12] -672.0
[8, 11, 13] -608.0
[8, 11, 14] -256.0
[8, 11, 15] -352.0
[8, 11, 16] -224.0
[8, 11, 17] -160.0
[8, 11, 18] -96.0
[8, 11, 19] -64.0
[8, 11, 20] -32.0
[8, 12, 13] -608.0
[8, 12, 14] -480.0
[8, 12, 15] -352.0
[8, 12, 16] -64.0
[8, 12, 17] -128.0
[8, 12, 18] -96.0
[8, 12, 19] -64.0
[8, 12, 20] -32.0
[8, 13, 14] -480.0
[8, 13, 15] -352.0
[8, 13, 16] -224.0
[8, 13, 17] -128.0
[8, 13, 19] -64.0
[8, 13, 20] -32.0
[8, 14, 15] -352.0
[8, 14, 16] -256.0
[8, 14, 17] -160.0
[8, 14, 18] -96.0
[8, 14, 19] -64.0
[8, 15, 16] -288.0
[8, 15, 17] -192.0
[8, 15, 18] -96.0
[8, 15, 19] -64.0
[8, 15, 20] -32.0
[8, 16, 17] -224.0
[8, 16, 18] -128.0
[8, 16, 19] -64.0
[8, 16, 20] -32.0
[8, 17, 18] -160.0
[8, 17, 19] -64.0
[8, 17, 20] -32.0
[8, 18, 19] -96.0
[8, 18, 20] -32.0
[8, 19, 20] -32.0
[9, 10, 11] -544.0
[9, 10, 12] -800.0
[9, 10, 13] -736.0
[9, 10, 14] -608.0
[9, 10, 15] -480.0
[9, 10, 16] -352.0
[9, 10, 17] -288.0
[9, 10, 18] -224.0
[9, 10, 19] -160.0
[9, 10, 20] -96.0
[9, 10, 21] -32.0
[9, 11, 12] -800.0
[9, 11, 13] -448.0
[9, 11, 14] -608.0
[9, 11, 15] -480.0
[9, 11, 16] -352.0
[9, 11, 17] -256.0
[9, 11, 18] -192.0
[9, 11, 19] -128.0
[9, 11, 20] -64.0
[9, 11, 21] -32.0
[9, 12, 13] -736.0
[9, 12, 14] -608.0
[9, 12, 15] -256.0
[9, 12, 16] -352.0
[9, 12, 17] -224.0
[9, 12, 18] -160.0
[9, 12, 19] -96.0
[9, 12, 20] -64.0
[9, 12, 21] -32.0
[9, 13, 14] -608.0
[9, 13, 15] -480.0
[9, 13, 16] -352.0
[9, 13, 17] -64.0
[9, 13, 18] -128.0
[9, 13, 19] -96.0
[9, 13, 20] -64.0
[9, 13, 21] -32.0
[9, 14, 15] -480.0
[9, 14, 16] -352.0
[9, 14, 17] -224.0
[9, 14, 18] -128.0
[9, 14, 20] -64.0
[9, 14, 21] -32.0
[9, 15, 16] -352.0
[9, 15, 17] -256.0
[9, 15, 18] -160.0
[9, 15, 19] -96.0
[9, 15, 20] -64.0
[9, 16, 17] -288.0
[9, 16, 18] -192.0
[9, 16, 19] -96.0
[9, 16, 20] -64.0
[9, 16, 21] -32.0
[9, 17, 18] -224.0
[9, 17, 19] -128.0
[9, 17, 20] -64.0
[9, 17, 21] -32.0
[9, 18, 19] -160.0
[9, 18, 20] -64.0
[9, 18, 21] -32.0
[9, 19, 20] -96.0
[9, 19, 21] -32.0
[9, 20, 21] -32.0
[10, 11, 12] -608.0
[10, 11, 13] -864.0
[10, 11, 14] -736.0
[10, 11, 15] -608.0
[10, 11, 16] -480.0
[10, 11, 17] -352.0
[10, 11, 18] -288.0
[10, 11, 19] -224.0
[10, 11, 20] -160.0
[10, 11, 21] -96.0
[10, 11, 22] -32.0
[10, 12, 13] -864.0
[10, 12, 14] -448.0
[10, 12, 15] -608.0
[10, 12, 16] -480.0
[10, 12, 17] -352.0
[10, 12, 18] -256.0
[10, 12, 19] -192.0
[10, 12, 20] -128.0
[10, 12, 21] -64.0
[10, 12, 22] -32.0
[10, 13, 14] -736.0
[10, 13, 15] -608.0
[10, 13, 16] -256.0
[10, 13, 17] -352.0
[10, 13, 18] -224.0
[10, 13, 19] -160.0
[10, 13, 20] -96.0
[10, 13, 21] -64.0
[10, 13, 22] -32.0
[10, 14, 15] -608.0
[10, 14, 16] -480.0
[10, 14, 17] -352.0
[10, 14, 18] -64.0
[10, 14, 19] -128.0
[10, 14, 20] -96.0
[10, 14, 21] -64.0
[10, 14, 22] -32.0
[10, 15, 16] -480.0
[10, 15, 17] -352.0
[10, 15, 18] -224.0
[10, 15, 19] -128.0
[10, 15, 21] -64.0
[10, 15, 22] -32.0
[10, 16, 17] -352.0
[10, 16, 18] -256.0
[10, 16, 19] -160.0
[10, 16, 20] -96.0
[10, 16, 21] -64.0
[10, 17, 18] -288.0
[10, 17, 19] -192.0
[10, 17, 20] -96.0
[10, 17, 21] -64.0
[10, 17, 22] -32.0
[10, 18, 19] -224.0
[10, 18, 20] -128.0
[10, 18, 21] -64.0
[10, 18, 22] -32.0
[10, 19, 20] -160.0
[10, 19, 21] -64.0
[10, 19, 22] -32.0
[10, 20, 21] -96.0
[10, 20, 22] -32.0
[10, 21, 22] -32.0
[11, 12, 13] -640.0
[11, 12, 14] -864.0
[11, 12, 15] -736.0
[11, 12, 16] -608.0
[11, 12, 17] -480.0
[11, 12, 18] -352.0
[11, 12, 19] -288.0
[11, 12, 20] -224.0
[11, 12, 21] -160.0
[11, 12, 22] -96.0
[11, 12, 23] -32.0
[11, 13, 14] -864.0
[11, 13, 15] -448.0
[11, 13, 16] -608.0
[11, 13, 17] -480.0
[11, 13, 18] -352.0
[11, 13, 19] -256.0
[11, 13, 20] -192.0
[11, 13, 21] -128.0
[11, 13, 22] -64.0
[11, 13, 23] -32.0
[11, 14, 15] -736.0
[11, 14, 16] -608.0
[11, 14, 17] -256.0
[11, 14, 18] -352.0
[11, 14, 19] -224.0
[11, 14, 20] -160.0
[11, 14, 21] -96.0
[11, 14, 22] -64.0
[11, 14, 23] -32.0
[11, 15, 16] -608.0
[11, 15, 17] -480.0
[11, 15, 18] -352.0
[11, 15, 19] -64.0
[11, 15, 20] -128.0
[11, 15, 21] -96.0
[11, 15, 22] -64.0
[11, 15, 23] -32.0
[11, 16, 17] -480.0
[11, 16, 18] -352.0
[11, 16, 19] -224.0
[11, 16, 20] -128.0
[11, 16, 22] -64.0
[11, 16, 23] -32.0
[11, 17, 18] -352.0
[11, 17, 19] -256.0
[11, 17, 20] -160.0
[11, 17, 21] -96.0
[11, 17, 22] -64.0
[11, 18, 19] -288.0
[11, 18, 20] -192.0
[11, 18, 21] -96.0
[11, 18, 22] -64.0
[11, 18, 23] -32.0
[11, 19, 20] -224.0
[11, 19, 21] -128.0
[11, 19, 22] -64.0
[11, 19, 23] -32.0
[11, 20, 21] -160.0
[11, 20, 22] -64.0
[11, 20, 23] -32.0
[11, 21, 22] -96.0
[11, 21, 23] -32.0
[11, 22, 23] -32.0
[12, 13, 14] -640.0
[12, 13, 15] -864.0
[12, 13, 16] -736.0
[12, 13, 17] -608.0
[12, 13, 18] -480.0
[12, 13, 19] -352.0
[12, 13, 20] -288.0
[12, 13, 21] -224.0
[12, 13, 22] -160.0
[12, 13, 23] -96.0
[12, 13, 24] -32.0
[12, 14, 15] -864.0
[12, 14, 16] -448.0
[12, 14, 17] -608.0
[12, 14, 18] -480.0
[12, 14, 19] -352.0
[12, 14, 20] -256.0
[12, 14, 21] -192.0
[12, 14, 22] -128.0
[12, 14, 23] -64.0
[12, 14, 24] -32.0
[12, 15, 16] -736.0
[12, 15, 17] -608.0
[12, 15, 18] -256.0
[12, 15, 19] -352.0
[12, 15, 20] -224.0
[12, 15, 21] -160.0
[12, 15, 22] -96.0
[12, 15, 23] -64.0
[12, 15, 24] -32.0
[12, 16, 17] -608.0
[12, 16, 18] -480.0
[12, 16, 19] -352.0
[12, 16, 20] -64.0
[12, 16, 21] -128.0
[12, 16, 22] -96.0
[12, 16, 23] -64.0
[12, 16, 24] -32.0
[12, 17, 18] -480.0
[12, 17, 19] -352.0
[12, 17, 20] -224.0
[12, 17, 21] -128.0
[12, 17, 23] -64.0
[12, 17, 24] -32.0
[12, 18, 19] -352.0
[12, 18, 20] -256.0
[12, 18, 21] -160.0
[12, 18, 22] -96.0
[12, 18, 23] -64.0
[12, 19, 20] -288.0
[12, 19, 21] -192.0
[12, 19, 22] -96.0
[12, 19, 23] -64.0
[12, 19, 24] -32.0
[12, 20, 21] -224.0
[12, 20, 22] -128.0
[12, 20, 23] -64.0
[12, 20, 24] -32.0
[12, 21, 22] -160.0
[12, 21, 23] -64.0
[12, 21, 24] -32.0
[12, 22, 23] -96.0
[12, 22, 24] -32.0
[12, 23, 24] -32.0
[13, 14, 15] -640.0
[13, 14, 16] -864.0
[13, 14, 17] -736.0
[13, 14, 18] -608.0
[13, 14, 19] -480.0
[13, 14, 20] -352.0
[13, 14, 21] -288.0
[13, 14, 22] -224.0
[13, 14, 23] -160.0
[13, 14, 24] -96.0
[13, 14, 25] -32.0
[13, 15, 16] -864.0
[13, 15, 17] -448.0
[13, 15, 18] -608.0
[13, 15, 19] -480.0
[13, 15, 20] -352.0
[13, 15, 21] -256.0
[13, 15, 22] -192.0
[13, 15, 23] -128.0
[13, 15, 24] -64.0
[13, 15, 25] -32.0
[13, 16, 17] -736.0
[13, 16, 18] -608.0
[13, 16, 19] -256.0
[13, 16, 20] -352.0
[13, 16, 21] -224.0
[13, 16, 22] -160.0
[13, 16, 23] -96.0
[13, 16, 24] -64.0
[13, 16, 25] -32.0
[13, 17, 18] -608.0
[13, 17, 19] -480.0
[13, 17, 20] -352.0
[13, 17, 21] -64.0
[13, 17, 22] -128.0
[13, 17, 23] -96.0
[13, 17, 24] -64.0
[13, 17, 25] -32.0
[13, 18, 19] -480.0
[13, 18, 20] -352.0
[13, 18, 21] -224.0
[13, 18, 22] -128.0
[13, 18, 24] -64.0
[13, 18, 25] -32.0
[13, 19, 20] -352.0
[13, 19, 21] -256.0
[13, 19, 22] -160.0
[13, 19, 23] -96.0
[13, 19, 24] -64.0
[13, 20, 21] -288.0
[13, 20, 22] -192.0
[13, 20, 23] -96.0
[13, 20, 24] -64.0
[13, 20, 25] -32.0
[13, 21, 22] -224.0
[13, 21, 23] -128.0
[13, 21, 24] -64.0
[13, 21, 25] -32.0
[13, 22, 23] -160.0
[13, 22, 24] -64.0
[13, 22, 25] -32.0
[13, 23, 24] -96.0
[13, 23, 25] -32.0
[13, 24, 25] -32.0
[14, 15, 16] -640.0
[14, 15, 17] -864.0
[14, 15, 18] -736.0
[14, 15, 19] -608.0
[14, 15, 20] -480.0
[14, 15, 21] -352.0
[14, 15, 22] -288.0
[14, 15, 23] -224.0
[14, 15, 24] -160.0
[14, 15, 25] -96.0
[14, 15, 26] -32.0
[14, 16, 17] -864.0
[14, 16, 18] -448.0
[14, 16, 19] -608.0
[14, 16, 20] -480.0
[14, 16, 21] -352.0
[14, 16, 22] -256.0
[14, 16, 23] -192.0
[14, 16, 24] -128.0
[14, 16, 25] -64.0
[14, 16, 26] -32.0
[14, 17, 18] -736.0
[14, 17, 19] -608.0
[14, 17, 20] -256.0
[14, 17, 21] -352.0
[14, 17, 22] -224.0
[14, 17, 23] -160.0
[14, 17, 24] -96.0
[14, 17, 25] -64.0
[14, 17, 26] -32.0
[14, 18, 19] -608.0
[14, 18, 20] -480.0
[14, 18, 21] -352.0
[14, 18, 22] -64.0
[14, 18, 23] -128.0
[14, 18, 24] -96.0
[14, 18, 25] -64.0
[14, 18, 26] -32.0
[14, 19, 20] -480.0
[14, 19, 21] -352.0
[14, 19, 22] -224.0
[14, 19, 23] -128.0
[14, 19, 25] -64.0
[14, 19, 26] -32.0
[14, 20, 21] -352.0
[14, 20, 22] -256.0
[14, 20, 23] -160.0
[14, 20, 24] -96.0
[14, 20, 25] -64.0
[14, 21, 22] -288.0
[14, 21, 23] -192.0
[14, 21, 24] -96.0
[14, 21, 25] -64.0
[14, 21, 26] -32.0
[14, 22, 23] -224.0
[14, 22, 24] -128.0
[14, 22, 25] -64.0
[14, 22, 26] -32.0
[14, 23, 24] -160.0
[14, 23, 25] -64.0
[14, 23, 26] -32.0
[14, 24, 25] -96.0
[14, 24, 26] -32.0
[14, 25, 26] -32.0
[15, 16, 17] -640.0
[15, 16, 18] -864.0
[15, 16, 19] -736.0
[15, 16, 20] -608.0
[15, 16, 21] -480.0
[15, 16, 22] -352.0
[15, 16, 23] -288.0
[15, 16, 24] -224.0
[15, 16, 25] -160.0
[15, 16, 26] -96.0
[15, 16, 27] -32.0
[15, 17, 18] -864.0
[15, 17, 19] -448.0
[15, 17, 20] -608.0
[15, 17, 21] -480.0
[15, 17, 22] -352.0
[15, 17, 23] -256.0
[15, 17, 24] -192.0
[15, 17, 25] -128.0
[15, 17, 26] -64.0
[15, 17, 27] -32.0
[15, 18, 19] -736.0
[15, 18, 20] -608.0
[15, 18, 21] -256.0
[15, 18, 22] -352.0
[15, 18, 23] -224.0
[15, 18, 24] -160.0
[15, 18, 25] -96.0
[15, 18, 26] -64.0
[15, 18, 27] -32.0
[15, 19, 20] -608.0
[15, 19, 21] -480.0
[15, 19, 22] -352.0
[15, 19, 23] -64.0
[15, 19, 24] -128.0
[15, 19, 25] -96.0
[15, 19, 26] -64.0
[15, 19, 27] -32.0
[15, 20, 21] -480.0
[15, 20, 22] -352.0
[15, 20, 23] -224.0
[15, 20, 24] -128.0
[15, 20, 26] -64.0
[15, 20, 27] -32.0
[15, 21, 22] -352.0
[15, 21, 23] -256.0
[15, 21, 24] -160.0
[15, 21, 25] -96.0
[15, 21, 26] -64.0
[15, 22, 23] -288.0
[15, 22, 24] -192.0
[15, 22, 25] -96.0
[15, 22, 26] -64.0
[15, 22, 27] -32.0
[15, 23, 24] -224.0
[15, 23, 25] -128.0
[15, 23, 26] -64.0
[15, 23, 27] -32.0
[15, 24, 25] -160.0
[15, 24, 26] -64.0
[15, 24, 27] -32.0
[15, 25, 26] -96.0
[15, 25, 27] -32.0
[15, 26, 27] -32.0
[16, 17, 18] -640.0
[16, 17, 19] -864.0
[16, 17, 20] -736.0
[16, 17, 21] -608.0
[16, 17, 22] -480.0
[16, 17, 23] -352.0
[16, 17, 24] -288.0
[16, 17, 25] -224.0
[16, 17, 26] -160.0
[16, 17, 27] -96.0
[16, 17, 28] -32.0
[16, 18, 19] -864.0
[16, 18, 20] -448.0
[16, 18, 21] -608.0
[16, 18, 22] -480.0
[16, 18, 23] -352.0
[16, 18, 24] -256.0
[16, 18, 25] -192.0
[16, 18, 26] -128.0
[16, 18, 27] -64.0
[16, 18, 28] -32.0
[16, 19, 20] -736.0
[16, 19, 21] -608.0
[16, 19, 22] -256.0
[16, 19, 23] -352.0
[16, 19, 24] -224.0
[16, 19, 25] -160.0
[16, 19, 26] -96.0
[16, 19, 27] -64.0
[16, 19, 28] -32.0
[16, 20, 21] -608.0
[16, 20, 22] -480.0
[16, 20, 23] -352.0
[16, 20, 24] -64.0
[16, 20, 25] -128.0
[16, 20, 26] -96.0
[16, 20, 27] -64.0
[16, 20, 28] -32.0
[16, 21, 22] -480.0
[16, 21, 23] -352.0
[16, 21, 24] -224.0
[16, 21, 25] -128.0
[16, 21, 27] -64.0
[16, 21, 28] -32.0
[16, 22, 23] -352.0
[16, 22, 24] -256.0
[16, 22, 25] -160.0
[16, 22, 26] -96.0
[16, 22, 27] -64.0
[16, 23, 24] -288.0
[16, 23, 25] -192.0
[16, 23, 26] -96.0
[16, 23, 27] -64.0
[16, 23, 28] -32.0
[16, 24, 25] -224.0
[16, 24, 26] -128.0
[16, 24, 27] -64.0
[16, 24, 28] -32.0
[16, 25, 26] -160.0
[16, 25, 27] -64.0
[16, 25, 28] -32.0
[16, 26, 27] -96.0
[16, 26, 28] -32.0
[16, 27, 28] -32.0
[17, 18, 19] -640.0
[17, 18, 20] -864.0
[17, 18, 21] -736.0
[17, 18, 22] -608.0
[17, 18, 23] -480.0
[17, 18, 24] -352.0
[17, 18, 25] -288.0
[17, 18, 26] -224.0
[17, 18, 27] -160.0
[17, 18, 28] -96.0
[17, 18, 29] -32.0
[17, 19, 20] -864.0
[17, 19, 21] -448.0
[17, 19, 22] -608.0
[17, 19, 23] -480.0
[17, 19, 24] -352.0
[17, 19, 25] -256.0
[17, 19, 26] -192.0
[17, 19, 27] -128.0
[17, 19, 28] -64.0
[17, 19, 29] -32.0
[17, 20, 21] -736.0
[17, 20, 22] -608.0
[17, 20, 23] -256.0
[17, 20, 24] -352.0
[17, 20, 25] -224.0
[17, 20, 26] -160.0
[17, 20, 27] -96.0
[17, 20, 28] -64.0
[17, 20, 29] -32.0
[17, 21, 22] -608.0
[17, 21, 23] -480.0
[17, 21, 24] -352.0
[17, 21, 25] -64.0
[17, 21, 26] -128.0
[17, 21, 27] -96.0
[17, 21, 28] -64.0
[17, 21, 29] -32.0
[17, 22, 23] -480.0
[17, 22, 24] -352.0
[17, 22, 25] -224.0
[17, 22, 26] -128.0
[17, 22, 28] -64.0
[17, 22, 29] -32.0
[17, 23, 24] -352.0
[17, 23, 25] -256.0
[17, 23, 26] -160.0
[17, 23, 27] -96.0
[17, 23, 28] -64.0
[17, 24, 25] -288.0
[17, 24, 26] -192.0
[17, 24, 27] -96.0
[17, 24, 28] -64.0
[17, 24, 29] -32.0
[17, 25, 26] -224.0
[17, 25, 27] -128.0
[17, 25, 28] -64.0
[17, 25, 29] -32.0
[17, 26, 27] -160.0
[17, 26, 28] -64.0
[17, 26, 29] -32.0
[17, 27, 28] -96.0
[17, 27, 29] -32.0
[17, 28, 29] -32.0
[18, 19, 20] -640.0
[18, 19, 21] -864.0
[18, 19, 22] -736.0
[18, 19, 23] -608.0
[18, 19, 24] -480.0
[18, 19, 25] -352.0
[18, 19, 26] -288.0
[18, 19, 27] -224.0
[18, 19, 28] -160.0
[18, 19, 29] -96.0
[18, 19, 30] -32.0
[18, 20, 21] -864.0
[18, 20, 22] -448.0
[18, 20, 23] -608.0
[18, 20, 24] -480.0
[18, 20, 25] -352.0
[18, 20, 26] -256.0
[18, 20, 27] -192.0
[18, 20, 28] -128.0
[18, 20, 29] -64.0
[18, 20, 30] -32.0
[18, 21, 22] -736.0
[18, 21, 23] -608.0
[18, 21, 24] -256.0
[18, 21, 25] -352.0
[18, 21, 26] -224.0
[18, 21, 27] -160.0
[18, 21, 28] -96.0
[18, 21, 29] -64.0
[18, 21, 30] -32.0
[18, 22, 23] -608.0
[18, 22, 24] -480.0
[18, 22, 25] -352.0
[18, 22, 26] -64.0
[18, 22, 27] -128.0
[18, 22, 28] -96.0
[18, 22, 29] -64.0
[18, 22, 30] -32.0
[18, 23, 24] -480.0
[18, 23, 25] -352.0
[18, 23, 26] -224.0
[18, 23, 27] -128.0
[18, 23, 29] -64.0
[18, 23, 30] -32.0
[18, 24, 25] -352.0
[18, 24, 26] -256.0
[18, 24, 27] -160.0
[18, 24, 28] -96.0
[18, 24, 29] -64.0
[18, 25, 26] -288.0
[18, 25, 27] -192.0
[18, 25, 28] -96.0
[18, 25, 29] -64.0
[18, 25, 30] -32.0
[18, 26, 27] -224.0
[18, 26, 28] -128.0
[18, 26, 29] -64.0
[18, 26, 30] -32.0
[18, 27, 28] -160.0
[18, 27, 29] -64.0
[18, 27, 30] -32.0
[18, 28, 29] -96.0
[18, 28, 30] -32.0
[18, 29, 30] -32.0
[19, 20, 21] -640.0
[19, 20, 22] -864.0
[19, 20, 23] -736.0
[19, 20, 24] -608.0
[19, 20, 25] -480.0
[19, 20, 26] -352.0
[19, 20, 27] -288.0
[19, 20, 28] -224.0
[19, 20, 29] -160.0
[19, 20, 30] -96.0
[19, 20, 31] -32.0
[19, 21, 22] -864.0
[19, 21, 23] -448.0
[19, 21, 24] -608.0
[19, 21, 25] -480.0
[19, 21, 26] -352.0
[19, 21, 27] -256.0
[19, 21, 28] -192.0
[19, 21, 29] -128.0
[19, 21, 30] -64.0
[19, 21, 31] -32.0
[19, 22, 23] -736.0
[19, 22, 24] -608.0
[19, 22, 25] -256.0
[19, 22, 26] -352.0
[19, 22, 27] -224.0
[19, 22, 28] -160.0
[19, 22, 29] -96.0
[19, 22, 30] -64.0
[19, 22, 31] -32.0
[19, 23, 24] -608.0
[19, 23, 25] -480.0
[19, 23, 26] -352.0
[19, 23, 27] -64.0
[19, 23, 28] -128.0
[19, 23, 29] -96.0
[19, 23, 30] -64.0
[19, 23, 31] -32.0
[19, 24, 25] -480.0
[19, 24, 26] -352.0
[19, 24, 27] -224.0
[19, 24, 28] -128.0
[19, 24, 30] -64.0
[19, 24, 31] -32.0
[19, 25, 26] -352.0
[19, 25, 27] -256.0
[19, 25, 28] -160.0
[19, 25, 29] -96.0
[19, 25, 30] -64.0
[19, 26, 27] -288.0
[19, 26, 28] -192.0
[19, 26, 29] -96.0
[19, 26, 30] -64.0
[19, 26, 31] -32.0
[19, 27, 28] -224.0
[19, 27, 29] -128.0
[19, 27, 30] -64.0
[19, 27, 31] -32.0
[19, 28, 29] -160.0
[19, 28, 30] -64.0
[19, 28, 31] -32.0
[19, 29, 30] -96.0
[19, 29, 31] -32.0
[19, 30, 31] -32.0
[20, 21, 22] -640.0
[20, 21, 23] -864.0
[20, 21, 24] -736.0
[20, 21, 25] -608.0
[20, 21, 26] -480.0
[20, 21, 27] -352.0
[20, 21, 28] -288.0
[20, 21, 29] -224.0
[20, 21, 30] -160.0
[20, 21, 31] -96.0
[20, 21, 32] -32.0
[20, 22, 23] -864.0
[20, 22, 24] -448.0
[20, 22, 25] -608.0
[20, 22, 26] -480.0
[20, 22, 27] -352.0
[20, 22, 28] -256.0
[20, 22, 29] -192.0
[20, 22, 30] -128.0
[20, 22, 31] -64.0
[20, 22, 32] -32.0
[20, 23, 24] -736.0
[20, 23, 25] -608.0
[20, 23, 26] -256.0
[20, 23, 27] -352.0
[20, 23, 28] -224.0
[20, 23, 29] -160.0
[20, 23, 30] -96.0
[20, 23, 31] -64.0
[20, 23, 32] -32.0
[20, 24, 25] -608.0
[20, 24, 26] -480.0
[20, 24, 27] -352.0
[20, 24, 28] -64.0
[20, 24, 29] -128.0
[20, 24, 30] -96.0
[20, 24, 31] -64.0
[20, 24, 32] -32.0
[20, 25, 26] -480.0
[20, 25, 27] -352.0
[20, 25, 28] -224.0
[20, 25, 29] -128.0
[20, 25, 31] -64.0
[20, 25, 32] -32.0
[20, 26, 27] -352.0
[20, 26, 28] -256.0
[20, 26, 29] -160.0
[20, 26, 30] -96.0
[20, 26, 31] -64.0
[20, 27, 28] -288.0
[20, 27, 29] -192.0
[20, 27, 30] -96.0
[20, 27, 31] -64.0
[20, 27, 32] -32.0
[20, 28, 29] -224.0
[20, 28, 30] -128.0
[20, 28, 31] -64.0
[20, 28, 32] -32.0
[20, 29, 30] -160.0
[20, 29, 31] -64.0
[20, 29, 32] -32.0
[20, 30, 31] -96.0
[20, 30, 32] -32.0
[20, 31, 32] -32.0
[21, 22, 23] -640.0
[21, 22, 24] -864.0
[21, 22, 25] -736.0
[21, 22, 26] -608.0
[21, 22, 27] -480.0
[21, 22, 28] -352.0
[21, 22, 29] -288.0
[21, 22, 30] -224.0
[21, 22, 31] -160.0
[21, 22, 32] -96.0
[21, 22, 33] -32.0
[21, 23, 24] -864.0
[21, 23, 25] -448.0
[21, 23, 26] -608.0
[21, 23, 27] -480.0
[21, 23, 28] -352.0
[21, 23, 29] -256.0
[21, 23, 30] -192.0
[21, 23, 31] -128.0
[21, 23, 32] -64.0
[21, 23, 33] -32.0
[21, 24, 25] -736.0
[21, 24, 26] -608.0
[21, 24, 27] -256.0
[21, 24, 28] -352.0
[21, 24, 29] -224.0
[21, 24, 30] -160.0
[21, 24, 31] -96.0
[21, 24, 32] -64.0
[21, 24, 33] -32.0
[21, 25, 26] -608.0
[21, 25, 27] -480.0
[21, 25, 28] -352.0
[21, 25, 29] -64.0
[21, 25, 30] -128.0
[21, 25, 31] -96.0
[21, 25, 32] -64.0
[21, 25, 33] -32.0
[21, 26, 27] -480.0
[21, 26, 28] -352.0
[21, 26, 29] -224.0
[21, 26, 30] -128.0
[21, 26, 32] -64.0
[21, 26, 33] -32.0
[21, 27, 28] -352.0
[21, 27, 29] -256.0
[21, 27, 30] -160.0
[21, 27, 31] -96.0
[21, 27, 32] -64.0
[21, 28, 29] -288.0
[21, 28, 30] -192.0
[21, 28, 31] -96.0
[21, 28, 32] -64.0
[21, 28, 33] -32.0
[21, 29, 30] -224.0
[21, 29, 31] -128.0
[21, 29, 32] -64.0
[21, 29, 33] -32.0
[21, 30, 31] -160.0
[21, 30, 32] -64.0
[21, 30, 33] -32.0
[21, 31, 32] -96.0
[21, 31, 33] -32.0
[21, 32, 33] -32.0
[22, 23, 24] -640.0
[22, 23, 25] -864.0
[22, 23, 26] -736.0
[22, 23, 27] -608.0
[22, 23, 28] -480.0
[22, 23, 29] -352.0
[22, 23, 30] -288.0
[22, 23, 31] -224.0
[22, 23, 32] -160.0
[22, 23, 33] -96.0
[22, 23, 34] -32.0
[22, 24, 25] -864.0
[22, 24, 26] -448.0
[22, 24, 27] -608.0
[22, 24, 28] -480.0
[22, 24, 29] -352.0
[22, 24, 30] -256.0
[22, 24, 31] -192.0
[22, 24, 32] -128.0
[22, 24, 33] -64.0
[22, 24, 34] -32.0
[22, 25, 26] -736.0
[22, 25, 27] -608.0
[22, 25, 28] -256.0
[22, 25, 29] -352.0
[22, 25, 30] -224.0
[22, 25, 31] -160.0
[22, 25, 32] -96.0
[22, 25, 33] -64.0
[22, 25, 34] -32.0
[22, 26, 27] -608.0
[22, 26, 28] -480.0
[22, 26, 29] -352.0
[22, 26, 30] -64.0
[22, 26, 31] -128.0
[22, 26, 32] -96.0
[22, 26, 33] -64.0
[22, 26, 34] -32.0
[22, 27, 28] -480.0
[22, 27, 29] -352.0
[22, 27, 30] -224.0
[22, 27, 31] -128.0
[22, 27, 33] -64.0
[22, 27, 34] -32.0
[22, 28, 29] -352.0
[22, 28, 30] -256.0
[22, 28, 31] -160.0
[22, 28, 32] -96.0
[22, 28, 33] -64.0
[22, 29, 30] -288.0
[22, 29, 31] -192.0
[22, 29, 32] -96.0
[22, 29, 33] -64.0
[22, 29, 34] -32.0
[22, 30, 31] -224.0
[22, 30, 32] -128.0
[22, 30, 33] -64.0
[22, 30, 34] -32.0
[22, 31, 32] -160.0
[22, 31, 33] -64.0
[22, 31, 34] -32.0
[22, 32, 33] -96.0
[22, 32, 34] -32.0
[22, 33, 34] -32.0
[23, 24, 25] -640.0
[23, 24, 26] -864.0
[23, 24, 27] -736.0
[23, 24, 28] -608.0
[23, 24, 29] -480.0
[23, 24, 30] -352.0
[23, 24, 31] -288.0
[23, 24, 32] -224.0
[23, 24, 33] -160.0
[23, 24, 34] -96.0
[23, 24, 35] -32.0
[23, 25, 26] -864.0
[23, 25, 27] -448.0
[23, 25, 28] -608.0
[23, 25, 29] -480.0
[23, 25, 30] -352.0
[23, 25, 31] -256.0
[23, 25, 32] -192.0
[23, 25, 33] -128.0
[23, 25, 34] -64.0
[23, 25, 35] -32.0
[23, 26, 27] -736.0
[23, 26, 28] -608.0
[23, 26, 29] -256.0
[23, 26, 30] -352.0
[23, 26, 31] -224.0
[23, 26, 32] -160.0
[23, 26, 33] -96.0
[23, 26, 34] -64.0
[23, 26, 35] -32.0
[23, 27, 28] -608.0
[23, 27, 29] -480.0
[23, 27, 30] -352.0
[23, 27, 31] -64.0
[23, 27, 32] -128.0
[23, 27, 33] -96.0
[23, 27, 34] -64.0
[23, 27, 35] -32.0
[23, 28, 29] -480.0
[23, 28, 30] -352.0
[23, 28, 31] -224.0
[23, 28, 32] -128.0
[23, 28, 34] -64.0
[23, 28, 35] -32.0
[23, 29, 30] -352.0
[23, 29, 31] -256.0
[23, 29, 32] -160.0
[23, 29, 33] -96.0
[23, 29, 34] -64.0
[23, 30, 31] -288.0
[23, 30, 32] -192.0
[23, 30, 33] -96.0
[23, 30, 34] -64.0
[23, 30, 35] -32.0
[23, 31, 32] -224.0
[23, 31, 33] -128.0
[23, 31, 34] -64.0
[23, 31, 35] -32.0
[23, 32, 33] -160.0
[23, 32, 34] -64.0
[23, 32, 35] -32.0
[23, 33, 34] -96.0
[23, 33, 35] -32.0
[23, 34, 35] -32.0
[24, 25, 26] -640.0
[24, 25, 27] -864.0
[24, 25, 28] -736.0
[24, 25, 29] -608.0
[24, 25, 30] -480.0
[24, 25, 31] -352.0
[24, 25, 32] -288.0
[24, 25, 33] -224.0
[24, 25, 34] -160.0
[24, 25, 35] -96.0
[24, 25, 36] -32.0
[24, 26, 27] -864.0
[24, 26, 28] -448.0
[24, 26, 29] -608.0
[24, 26, 30] -480.0
[24, 26, 31] -352.0
[24, 26, 32] -256.0
[24, 26, 33] -192.0
[24, 26, 34] -128.0
[24, 26, 35] -64.0
[24, 26, 36] -32.0
[24, 27, 28] -736.0
[24, 27, 29] -608.0
[24, 27, 30] -256.0
[24, 27, 31] -352.0
[24, 27, 32] -224.0
[24, 27, 33] -160.0
[24, 27, 34] -96.0
[24, 27, 35] -64.0
[24, 27, 36] -32.0
[24, 28, 29] -608.0
[24, 28, 30] -480.0
[24, 28, 31] -352.0
[24, 28, 32] -64.0
[24, 28, 33] -128.0
[24, 28, 34] -96.0
[24, 28, 35] -64.0
[24, 28, 36] -32.0
[24, 29, 30] -480.0
[24, 29, 31] -352.0
[24, 29, 32] -224.0
[24, 29, 33] -128.0
[24, 29, 35] -64.0
[24, 29, 36] -32.0
[24, 30, 31] -352.0
[24, 30, 32] -256.0
[24, 30, 33] -160.0
[24, 30, 34] -96.0
[24, 30, 35] -64.0
[24, 31, 32] -288.0
[24, 31, 33] -192.0
[24, 31, 34] -96.0
[24, 31, 35] -64.0
[24, 31, 36] -32.0
[24, 32, 33] -224.0
[24, 32, 34] -128.0
[24, 32, 35] -64.0
[24, 32, 36] -32.0
[24, 33, 34] -160.0
[24, 33, 35] -64.0
[24, 33, 36] -32.0
[24, 34, 35] -96.0
[24, 34, 36] -32.0
[24, 35, 36] -32.0
[25, 26, 27] -640.0
[25, 26, 28] -864.0
[25, 26, 29] -736.0
[25, 26, 30] -608.0
[25, 26, 31] -480.0
[25, 26, 32] -352.0
[25, 26, 33] -288.0
[25, 26, 34] -224.0
[25, 26, 35] -160.0
[25, 26, 36] -96.0
[25, 26, 37] -32.0
[25, 27, 28] -864.0
[25, 27, 29] -448.0
[25, 27, 30] -608.0
[25, 27, 31] -480.0
[25, 27, 32] -352.0
[25, 27, 33] -256.0
[25, 27, 34] -192.0
[25, 27, 35] -128.0
[25, 27, 36] -64.0
[25, 27, 37] -32.0
[25, 28, 29] -736.0
[25, 28, 30] -608.0
[25, 28, 31] -256.0
[25, 28, 32] -352.0
[25, 28, 33] -224.0
[25, 28, 34] -160.0
[25, 28, 35] -96.0
[25, 28, 36] -64.0
[25, 28, 37] -32.0
[25, 29, 30] -608.0
[25, 29, 31] -480.0
[25, 29, 32] -352.0
[25, 29, 33] -64.0
[25, 29, 34] -128.0
[25, 29, 35] -96.0
[25, 29, 36] -64.0
[25, 29, 37] -32.0
[25, 30, 31] -480.0
[25, 30, 32] -352.0
[25, 30, 33] -224.0
[25, 30, 34] -128.0
[25, 30, 36] -64.0
[25, 30, 37] -32.0
[25, 31, 32] -352.0
[25, 31, 33] -256.0
[25, 31, 34] -160.0
[25, 31, 35] -96.0
[25, 31, 36] -64.0
[25, 32, 33] -288.0
[25, 32, 34] -192.0
[25, 32, 35] -96.0
[25, 32, 36] -64.0
[25, 32, 37] -32.0
[25, 33, 34] -224.0
[25, 33, 35] -128.0
[25, 33, 36] -64.0
[25, 33, 37] -32.0
[25, 34, 35] -160.0
[25, 34, 36] -64.0
[25, 34, 37] -32.0
[25, 35, 36] -96.0
[25, 35, 37] -32.0
[25, 36, 37] -32.0
[26, 27, 28] -640.0
[26, 27, 29] -864.0
[26, 27, 30] -736.0
[26, 27, 31] -608.0
[26, 27, 32] -480.0
[26, 27, 33] -352.0
[26, 27, 34] -288.0
[26, 27, 35] -224.0
[26, 27, 36] -160.0
[26, 27, 37] -96.0
[26, 27, 38] -32.0
[26, 28, 29] -864.0
[26, 28, 30] -448.0
[26, 28, 31] -608.0
[26, 28, 32] -480.0
[26, 28, 33] -352.0
[26, 28, 34] -256.0
[26, 28, 35] -192.0
[26, 28, 36] -128.0
[26, 28, 37] -64.0
[26, 28, 38] -32.0
[26, 29, 30] -736.0
[26, 29, 31] -608.0
[26, 29, 32] -256.0
[26, 29, 33] -352.0
[26, 29, 34] -224.0
[26, 29, 35] -160.0
[26, 29, 36] -96.0
[26, 29, 37] -64.0
[26, 29, 38] -32.0
[26, 30, 31] -608.0
[26, 30, 32] -480.0
[26, 30, 33] -352.0
[26, 30, 34] -64.0
[26, 30, 35] -128.0
[26, 30, 36] -96.0
[26, 30, 37] -64.0
[26, 30, 38] -32.0
[26, 31, 32] -480.0
[26, 31, 33] -352.0
[26, 31, 34] -224.0
[26, 31, 35] -128.0
[26, 31, 37] -64.0
[26, 31, 38] -32.0
[26, 32, 33] -352.0
[26, 32, 34] -256.0
[26, 32, 35] -160.0
[26, 32, 36] -96.0
[26, 32, 37] -64.0
[26, 33, 34] -288.0
[26, 33, 35] -192.0
[26, 33, 36] -96.0
[26, 33, 37] -64.0
[26, 33, 38] -32.0
[26, 34, 35] -224.0
[26, 34, 36] -128.0
[26, 34, 37] -64.0
[26, 34, 38] -32.0
[26, 35, 36] -160.0
[26, 35, 37] -64.0
[26, 35, 38] -32.0
[26, 36, 37] -96.0
[26, 36, 38] -32.0
[26, 37, 38] -32.0
[27, 28, 29] -640.0
[27, 28, 30] -864.0
[27, 28, 31] -736.0
[27, 28, 32] -608.0
[27, 28, 33] -480.0
[27, 28, 34] -352.0
[27, 28, 35] -288.0
[27, 28, 36] -224.0
[27, 28, 37] -160.0
[27, 28, 38] -96.0
[27, 28, 39] -32.0
[27, 29, 30] -864.0
[27, 29, 31] -448.0
[27, 29, 32] -608.0
[27, 29, 33] -480.0
[27, 29, 34] -352.0
[27, 29, 35] -256.0
[27, 29, 36] -192.0
[27, 29, 37] -128.0
[27, 29, 38] -64.0
[27, 29, 39] -32.0
[27, 30, 31] -736.0
[27, 30, 32] -608.0
[27, 30, 33] -256.0
[27, 30, 34] -352.0
[27, 30, 35] -224.0
[27, 30, 36] -160.0
[27, 30, 37] -96.0
[27, 30, 38] -64.0
[27, 30, 39] -32.0
[27, 31, 32] -608.0
[27, 31, 33] -480.0
[27, 31, 34] -352.0
[27, 31, 35] -64.0
[27, 31, 36] -128.0
[27, 31, 37] -96.0
[27, 31, 38] -64.0
[27, 31, 39] -32.0
[27, 32, 33] -480.0
[27, 32, 34] -352.0
[27, 32, 35] -224.0
[27, 32, 36] -128.0
[27, 32, 38] -64.0
[27, 32, 39] -32.0
[27, 33, 34] -352.0
[27, 33, 35] -256.0
[27, 33, 36] -160.0
[27, 33, 37] -96.0
[27, 33, 38] -64.0
[27, 34, 35] -288.0
[27, 34, 36] -192.0
[27, 34, 37] -96.0
[27, 34, 38] -64.0
[27, 34, 39] -32.0
[27, 35, 36] -224.0
[27, 35, 37] -128.0
[27, 35, 38] -64.0
[27, 35, 39] -32.0
[27, 36, 37] -160.0
[27, 36, 38] -64.0
[27, 36, 39] -32.0
[27, 37, 38] -96.0
[27, 37, 39] -32.0
[27, 38, 39] -32.0
[28, 29, 30] -640.0
[28, 29, 31] -864.0
[28, 29, 32] -736.0
[28, 29, 33] -608.0
[28, 29, 34] -480.0
[28, 29, 35] -352.0
[28, 29, 36] -288.0
[28, 29, 37] -224.0
[28, 29, 38] -160.0
[28, 29, 39] -96.0
[28, 29, 40] -32.0
[28, 30, 31] -864.0
[28, 30, 32] -448.0
[28, 30, 33] -608.0
[28, 30, 34] -480.0
[28, 30, 35] -352.0
[28, 30, 36] -256.0
[28, 30, 37] -192.0
[28, 30, 38] -128.0
[28, 30, 39] -64.0
[28, 30, 40] -32.0
[28, 31, 32] -736.0
[28, 31, 33] -608.0
[28, 31, 34] -256.0
[28, 31, 35] -352.0
[28, 31, 36] -224.0
[28, 31, 37] -160.0
[28, 31, 38] -96.0
[28, 31, 39] -64.0
[28, 31, 40] -32.0
[28, 32, 33] -608.0
[28, 32, 34] -480.0
[28, 32, 35] -352.0
[28, 32, 36] -64.0
[28, 32, 37] -128.0
[28, 32, 38] -96.0
[28, 32, 39] -64.0
[28, 32, 40] -32.0
[28, 33, 34] -480.0
[28, 33, 35] -352.0
[28, 33, 36] -224.0
[28, 33, 37] -128.0
[28, 33, 39] -64.0
[28, 33, 40] -32.0
[28, 34, 35] -352.0
[28, 34, 36] -256.0
[28, 34, 37] -160.0
[28, 34, 38] -96.0
[28, 34, 39] -64.0
[28, 35, 36] -288.0
[28, 35, 37] -192.0
[28, 35, 38] -96.0
[28, 35, 39] -64.0
[28, 35, 40] -32.0
[28, 36, 37] -224.0
[28, 36, 38] -128.0
[28, 36, 39] -64.0
[28, 36, 40] -32.0
[28, 37, 38] -160.0
[28, 37, 39] -64.0
[28, 37, 40] -32.0
[28, 38, 39] -96.0
[28, 38, 40] -32.0
[28, 39, 40] -32.0
[29, 30, 31] -640.0
[29, 30, 32] -864.0
[29, 30, 33] -736.0
[29, 30, 34] -608.0
[29, 30, 35] -480.0
[29, 30, 36] -352.0
[29, 30, 37] -288.0
[29, 30, 38] -224.0
[29, 30, 39] -160.0
[29, 30, 40] -96.0
[29, 30, 41] -32.0
[29, 31, 32] -864.0
[29, 31, 33] -448.0
[29, 31, 34] -608.0
[29, 31, 35] -480.0
[29, 31, 36] -352.0
[29, 31, 37] -256.0
[29, 31, 38] -192.0
[29, 31, 39] -128.0
[29, 31, 40] -64.0
[29, 31, 41] -32.0
[29, 32, 33] -736.0
[29, 32, 34] -608.0
[29, 32, 35] -256.0
[29, 32, 36] -352.0
[29, 32, 37] -224.0
[29, 32, 38] -160.0
[29, 32, 39] -96.0
[29, 32, 40] -64.0
[29, 32, 41] -32.0
[29, 33, 34] -608.0
[29, 33, 35] -480.0
[29, 33, 36] -352.0
[29, 33, 37] -64.0
[29, 33, 38] -128.0
[29, 33, 39] -96.0
[29, 33, 40] -64.0
[29, 33, 41] -32.0
[29, 34, 35] -480.0
[29, 34, 36] -352.0
[29, 34, 37] -224.0
[29, 34, 38] -128.0
[29, 34, 40] -64.0
[29, 34, 41] -32.0
[29, 35, 36] -352.0
[29, 35, 37] -256.0
[29, 35, 38] -160.0
[29, 35, 39] -96.0
[29, 35, 40] -64.0
[29, 36, 37] -288.0
[29, 36, 38] -192.0
[29, 36, 39] -96.0
[29, 36, 40] -64.0
[29, 36, 41] -32.0
[29, 37, 38] -224.0
[29, 37, 39] -128.0
[29, 37, 40] -64.0
[29, 37, 41] -32.0
[29, 38, 39] -160.0
[29, 38, 40] -64.0
[29, 38, 41] -32.0
[29, 39, 40] -96.0
[29, 39, 41] -32.0
[29, 40, 41] -32.0
[30, 31, 32] -640.0
[30, 31, 33] -864.0
[30, 31, 34] -736.0
[30, 31, 35] -608.0
[30, 31, 36] -480.0
[30, 31, 37] -352.0
[30, 31, 38] -288.0
[30, 31, 39] -224.0
[30, 31, 40] -160.0
[30, 31, 41] -96.0
[30, 31, 42] -32.0
[30, 32, 33] -864.0
[30, 32, 34] -448.0
[30, 32, 35] -608.0
[30, 32, 36] -480.0
[30, 32, 37] -352.0
[30, 32, 38] -256.0
[30, 32, 39] -192.0
[30, 32, 40] -128.0
[30, 32, 41] -64.0
[30, 32, 42] -32.0
[30, 33, 34] -736.0
[30, 33, 35] -608.0
[30, 33, 36] -256.0
[30, 33, 37] -352.0
[30, 33, 38] -224.0
[30, 33, 39] -160.0
[30, 33, 40] -96.0
[30, 33, 41] -64.0
[30, 33, 42] -32.0
[30, 34, 35] -608.0
[30, 34, 36] -480.0
[30, 34, 37] -352.0
[30, 34, 38] -64.0
[30, 34, 39] -128.0
[30, 34, 40] -96.0
[30, 34, 41] -64.0
[30, 34, 42] -32.0
[30, 35, 36] -480.0
[30, 35, 37] -352.0
[30, 35, 38] -224.0
[30, 35, 39] -128.0
[30, 35, 41] -64.0
[30, 35, 42] -32.0
[30, 36, 37] -352.0
[30, 36, 38] -256.0
[30, 36, 39] -160.0
[30, 36, 40] -96.0
[30, 36, 41] -64.0
[30, 37, 38] -288.0
[30, 37, 39] -192.0
[30, 37, 40] -96.0
[30, 37, 41] -64.0
[30, 37, 42] -32.0
[30, 38, 39] -224.0
[30, 38, 40] -128.0
[30, 38, 41] -64.0
[30, 38, 42] -32.0
[30, 39, 40] -160.0
[30, 39, 41] -64.0
[30, 39, 42] -32.0
[30, 40, 41] -96.0
[30, 40, 42] -32.0
[30, 41, 42] -32.0
[31, 32, 33] -640.0
[31, 32, 34] -864.0
[31, 32, 35] -736.0
[31, 32, 36] -608.0
[31, 32, 37] -480.0
[31, 32, 38] -352.0
[31, 32, 39] -288.0
[31, 32, 40] -224.0
[31, 32, 41] -160.0
[31, 32, 42] -96.0
[31, 32, 43] -32.0
[31, 33, 34] -864.0
[31, 33, 35] -448.0
[31, 33, 36] -608.0
[31, 33, 37] -480.0
[31, 33, 38] -352.0
[31, 33, 39] -256.0
[31, 33, 40] -192.0
[31, 33, 41] -128.0
[31, 33, 42] -64.0
[31, 33, 43] -32.0
[31, 34, 35] -736.0
[31, 34, 36] -608.0
[31, 34, 37] -256.0
[31, 34, 38] -352.0
[31, 34, 39] -224.0
[31, 34, 40] -160.0
[31, 34, 41] -96.0
[31, 34, 42] -64.0
[31, 34, 43] -32.0
[31, 35, 36] -608.0
[31, 35, 37] -480.0
[31, 35, 38] -352.0
[31, 35, 39] -64.0
[31, 35, 40] -128.0
[31, 35, 41] -96.0
[31, 35, 42] -64.0
[31, 35, 43] -32.0
[31, 36, 37] -480.0
[31, 36, 38] -352.0
[31, 36, 39] -224.0
[31, 36, 40] -128.0
[31, 36, 42] -64.0
[31, 36, 43] -32.0
[31, 37, 38] -352.0
[31, 37, 39] -256.0
[31, 37, 40] -160.0
[31, 37, 41] -96.0
[31, 37, 42] -64.0
[31, 38, 39] -288.0
[31, 38, 40] -192.0
[31, 38, 41] -96.0
[31, 38, 42] -64.0
[31, 38, 43] -32.0
[31, 39, 40] -224.0
[31, 39, 41] -128.0
[31, 39, 42] -64.0
[31, 39, 43] -32.0
[31, 40, 41] -160.0
[31, 40, 42] -64.0
[31, 40, 43] -32.0
[31, 41, 42] -96.0
[31, 41, 43] -32.0
[31, 42, 43] -32.0
[32, 33, 34] -640.0
[32, 33, 35] -864.0
[32, 33, 36] -736.0
[32, 33, 37] -608.0
[32, 33, 38] -480.0
[32, 33, 39] -352.0
[32, 33, 40] -288.0
[32, 33, 41] -224.0
[32, 33, 42] -160.0
[32, 33, 43] -96.0
[32, 33, 44] -32.0
[32, 34, 35] -864.0
[32, 34, 36] -448.0
[32, 34, 37] -608.0
[32, 34, 38] -480.0
[32, 34, 39] -352.0
[32, 34, 40] -256.0
[32, 34, 41] -192.0
[32, 34, 42] -128.0
[32, 34, 43] -64.0
[32, 34, 44] -32.0
[32, 35, 36] -736.0
[32, 35, 37] -608.0
[32, 35, 38] -256.0
[32, 35, 39] -352.0
[32, 35, 40] -224.0
[32, 35, 41] -160.0
[32, 35, 42] -96.0
[32, 35, 43] -64.0
[32, 35, 44] -32.0
[32, 36, 37] -608.0
[32, 36, 38] -480.0
[32, 36, 39] -352.0
[32, 36, 40] -64.0
[32, 36, 41] -128.0
[32, 36, 42] -96.0
[32, 36, 43] -64.0
[32, 36, 44] -32.0
[32, 37, 38] -480.0
[32, 37, 39] -352.0
[32, 37, 40] -224.0
[32, 37, 41] -128.0
[32, 37, 43] -64.0
[32, 37, 44] -32.0
[32, 38, 39] -352.0
[32, 38, 40] -256.0
[32, 38, 41] -160.0
[32, 38, 42] -96.0
[32, 38, 43] -64.0
[32, 39, 40] -288.0
[32, 39, 41] -192.0
[32, 39, 42] -96.0
[32, 39, 43] -64.0
[32, 39, 44] -32.0
[32, 40, 41] -224.0
[32, 40, 42] -128.0
[32, 40, 43] -64.0
[32, 40, 44] -32.0
[32, 41, 42] -160.0
[32, 41, 43] -64.0
[32, 41, 44] -32.0
[32, 42, 43] -96.0
[32, 42, 44] -32.0
[32, 43, 44] -32.0
[33, 34, 35] -640.0
[33, 34, 36] -864.0
[33, 34, 37] -736.0
[33, 34, 38] -608.0
[33, 34, 39] -480.0
[33, 34, 40] -352.0
[33, 34, 41] -288.0
[33, 34, 42] -224.0
[33, 34, 43] -160.0
[33, 34, 44] -96.0
[33, 34, 45] -32.0
[33, 35, 36] -864.0
[33, 35, 37] -448.0
[33, 35, 38] -608.0
[33, 35, 39] -480.0
[33, 35, 40] -352.0
[33, 35, 41] -256.0
[33, 35, 42] -192.0
[33, 35, 43] -128.0
[33, 35, 44] -64.0
[33, 35, 45] -32.0
[33, 36, 37] -736.0
[33, 36, 38] -608.0
[33, 36, 39] -256.0
[33, 36, 40] -352.0
[33, 36, 41] -224.0
[33, 36, 42] -160.0
[33, 36, 43] -96.0
[33, 36, 44] -64.0
[33, 36, 45] -32.0
[33, 37, 38] -608.0
[33, 37, 39] -480.0
[33, 37, 40] -352.0
[33, 37, 41] -64.0
[33, 37, 42] -128.0
[33, 37, 43] -96.0
[33, 37, 44] -64.0
[33, 37, 45] -32.0
[33, 38, 39] -480.0
[33, 38, 40] -352.0
[33, 38, 41] -224.0
[33, 38, 42] -128.0
[33, 38, 44] -64.0
[33, 38, 45] -32.0
[33, 39, 40] -352.0
[33, 39, 41] -256.0
[33, 39, 42] -160.0
[33, 39, 43] -96.0
[33, 39, 44] -64.0
[33, 40, 41] -288.0
[33, 40, 42] -192.0
[33, 40, 43] -96.0
[33, 40, 44] -64.0
[33, 40, 45] -32.0
[33, 41, 42] -224.0
[33, 41, 43] -128.0
[33, 41, 44] -64.0
[33, 41, 45] -32.0
[33, 42, 43] -160.0
[33, 42, 44] -64.0
[33, 42, 45] -32.0
[33, 43, 44] -96.0
[33, 43, 45] -32.0
[33, 44, 45] -32.0
[34, 35, 36] -640.0
[34, 35, 37] -864.0
[34, 35, 38] -736.0
[34, 35, 39] -608.0
[34, 35, 40] -480.0
[34, 35, 41] -352.0
[34, 35, 42] -288.0
[34, 35, 43] -224.0
[34, 35, 44] -160.0
[34, 35, 45] -96.0
[34, 35, 46] -32.0
[34, 36, 37] -864.0
[34, 36, 38] -448.0
[34, 36, 39] -608.0
[34, 36, 40] -480.0
[34, 36, 41] -352.0
[34, 36, 42] -256.0
[34, 36, 43] -192.0
[34, 36, 44] -128.0
[34, 36, 45] -64.0
[34, 36, 46] -32.0
[34, 37, 38] -736.0
[34, 37, 39] -608.0
[34, 37, 40] -256.0
[34, 37, 41] -352.0
[34, 37, 42] -224.0
[34, 37, 43] -160.0
[34, 37, 44] -96.0
[34, 37, 45] -64.0
[34, 37, 46] -32.0
[34, 38, 39] -608.0
[34, 38, 40] -480.0
[34, 38, 41] -352.0
[34, 38, 42] -64.0
[34, 38, 43] -128.0
[34, 38, 44] -96.0
[34, 38, 45] -64.0
[34, 38, 46] -32.0
[34, 39, 40] -480.0
[34, 39, 41] -352.0
[34, 39, 42] -224.0
[34, 39, 43] -128.0
[34, 39, 45] -64.0
[34, 39, 46] -32.0
[34, 40, 41] -352.0
[34, 40, 42] -256.0
[34, 40, 43] -160.0
[34, 40, 44] -96.0
[34, 40, 45] -64.0
[34, 41, 42] -288.0
[34, 41, 43] -192.0
[34, 41, 44] -96.0
[34, 41, 45] -64.0
[34, 41, 46] -32.0
[34, 42, 43] -224.0
[34, 42, 44] -128.0
[34, 42, 45] -64.0
[34, 42, 46] -32.0
[34, 43, 44] -160.0
[34, 43, 45] -64.0
[34, 43, 46] -32.0
[34, 44, 45] -96.0
[34, 44, 46] -32.0
[34, 45, 46] -32.0
[35, 36, 37] -640.0
[35, 36, 38] -864.0
[35, 36, 39] -736.0
[35, 36, 40] -608.0
[35, 36, 41] -480.0
[35, 36, 42] -352.0
[35, 36, 43] -288.0
[35, 36, 44] -224.0
[35, 36, 45] -160.0
[35, 36, 46] -96.0
[35, 36, 47] -32.0
[35, 37, 38] -864.0
[35, 37, 39] -448.0
[35, 37, 40] -608.0
[35, 37, 41] -480.0
[35, 37, 42] -352.0
[35, 37, 43] -256.0
[35, 37, 44] -192.0
[35, 37, 45] -128.0
[35, 37, 46] -64.0
[35, 37, 47] -32.0
[35, 38, 39] -736.0
[35, 38, 40] -608.0
[35, 38, 41] -256.0
[35, 38, 42] -352.0
[35, 38, 43] -224.0
[35, 38, 44] -160.0
[35, 38, 45] -96.0
[35, 38, 46] -64.0
[35, 38, 47] -32.0
[35, 39, 40] -608.0
[35, 39, 41] -480.0
[35, 39, 42] -352.0
[35, 39, 43] -64.0
[35, 39, 44] -128.0
[35, 39, 45] -96.0
[35, 39, 46] -64.0
[35, 39, 47] -32.0
[35, 40, 41] -480.0
[35, 40, 42] -352.0
[35, 40, 43] -224.0
[35, 40, 44] -128.0
[35, 40, 46] -64.0
[35, 40, 47] -32.0
[35, 41, 42] -352.0
[35, 41, 43] -256.0
[35, 41, 44] -160.0
[35, 41, 45] -96.0
[35, 41, 46] -64.0
[35, 42, 43] -288.0
[35, 42, 44] -192.0
[35, 42, 45] -96.0
[35, 42, 46] -64.0
[35, 42, 47] -32.0
[35, 43, 44] -224.0
[35, 43, 45] -128.0
[35, 43, 46] -64.0
[35, 43, 47] -32.0
[35, 44, 45] -160.0
[35, 44, 46] -64.0
[35, 44, 47] -32.0
[35, 45, 46] -96.0
[35, 45, 47] -32.0
[35, 46, 47] -32.0
[36, 37, 38] -640.0
[36, 37, 39] -864.0
[36, 37, 40] -736.0
[36, 37, 41] -608.0
[36, 37, 42] -480.0
[36, 37, 43] -352.0
[36, 37, 44] -288.0
[36, 37, 45] -224.0
[36, 37, 46] -160.0
[36, 37, 47] -96.0
[36, 37, 48] -32.0
[36, 38, 39] -864.0
[36, 38, 40] -448.0
[36, 38, 41] -608.0
[36, 38, 42] -480.0
[36, 38, 43] -352.0
[36, 38, 44] -256.0
[36, 38, 45] -192.0
[36, 38, 46] -128.0
[36, 38, 47] -64.0
[36, 38, 48] -32.0
[36, 39, 40] -736.0
[36, 39, 41] -608.0
[36, 39, 42] -256.0
[36, 39, 43] -352.0
[36, 39, 44] -224.0
[36, 39, 45] -160.0
[36, 39, 46] -96.0
[36, 39, 47] -64.0
[36, 39, 48] -32.0
[36, 40, 41] -608.0
[36, 40, 42] -480.0
[36, 40, 43] -352.0
[36, 40, 44] -64.0
[36, 40, 45] -128.0
[36, 40, 46] -96.0
[36, 40, 47] -64.0
[36, 40, 48] -32.0
[36, 41, 42] -480.0
[36, 41, 43] -352.0
[36, 41, 44] -224.0
[36, 41, 45] -128.0
[36, 41, 47] -64.0
[36, 41, 48] -32.0
[36, 42, 43] -352.0
[36, 42, 44] -256.0
[36, 42, 45] -160.0
[36, 42, 46] -96.0
[36, 42, 47] -64.0
[36, 43, 44] -288.0
[36, 43, 45] -192.0
[36, 43, 46] -96.0
[36, 43, 47] -64.0
[36, 43, 48] -32.0
[36, 44, 45] -224.0
[36, 44, 46] -128.0
[36, 44, 47] -64.0
[36, 44, 48] -32.0
[36, 45, 46] -160.0
[36, 45, 47] -64.0
[36, 45, 48] -32.0
[36, 46, 47] -96.0
[36, 46, 48] -32.0
[36, 47, 48] -32.0
[37, 38, 39] -640.0
[37, 38, 40] -864.0
[37, 38, 41] -736.0
[37, 38, 42] -608.0
[37, 38, 43] -480.0
[37, 38, 44] -352.0
[37, 38, 45] -288.0
[37, 38, 46] -224.0
[37, 38, 47] -160.0
[37, 38, 48] -96.0
[37, 38, 49] -32.0
[37, 39, 40] -864.0
[37, 39, 41] -448.0
[37, 39, 42] -608.0
[37, 39, 43] -480.0
[37, 39, 44] -352.0
[37, 39, 45] -256.0
[37, 39, 46] -192.0
[37, 39, 47] -128.0
[37, 39, 48] -64.0
[37, 39, 49] -32.0
[37, 40, 41] -736.0
[37, 40, 42] -608.0
[37, 40, 43] -256.0
[37, 40, 44] -352.0
[37, 40, 45] -224.0
[37, 40, 46] -160.0
[37, 40, 47] -96.0
[37, 40, 48] -64.0
[37, 40, 49] -32.0
[37, 41, 42] -608.0
[37, 41, 43] -480.0
[37, 41, 44] -352.0
[37, 41, 45] -64.0
[37, 41, 46] -128.0
[37, 41, 47] -96.0
[37, 41, 48] -64.0
[37, 41, 49] -32.0
[37, 42, 43] -480.0
[37, 42, 44] -352.0
[37, 42, 45] -224.0
[37, 42, 46] -128.0
[37, 42, 48] -64.0
[37, 42, 49] -32.0
[37, 43, 44] -352.0
[37, 43, 45] -256.0
[37, 43, 46] -160.0
[37, 43, 47] -96.0
[37, 43, 48] -64.0
[37, 44, 45] -288.0
[37, 44, 46] -192.0
[37, 44, 47] -96.0
[37, 44, 48] -64.0
[37, 44, 49] -32.0
[37, 45, 46] -224.0
[37, 45, 47] -128.0
[37, 45, 48] -64.0
[37, 45, 49] -32.0
[37, 46, 47] -160.0
[37, 46, 48] -64.0
[37, 46, 49] -32.0
[37, 47, 48] -96.0
[37, 47, 49] -32.0
[37, 48, 49] -32.0
[38, 39, 40] -640.0
[38, 39, 41] -864.0
[38, 39, 42] -736.0
[38, 39, 43] -608.0
[38, 39, 44] -480.0
[38, 39, 45] -352.0
[38, 39, 46] -288.0
[38, 39, 47] -224.0
[38, 39, 48] -160.0
[38, 39, 49] -96.0
[38, 39, 50] -32.0
[38, 40, 41] -864.0
[38, 40, 42] -448.0
[38, 40, 43] -608.0
[38, 40, 44] -480.0
[38, 40, 45] -352.0
[38, 40, 46] -256.0
[38, 40, 47] -192.0
[38, 40, 48] -128.0
[38, 40, 49] -64.0
[38, 40, 50] -32.0
[38, 41, 42] -736.0
[38, 41, 43] -608.0
[38, 41, 44] -256.0
[38, 41, 45] -352.0
[38, 41, 46] -224.0
[38, 41, 47] -160.0
[38, 41, 48] -96.0
[38, 41, 49] -64.0
[38, 41, 50] -32.0
[38, 42, 43] -608.0
[38, 42, 44] -480.0
[38, 42, 45] -352.0
[38, 42, 46] -64.0
[38, 42, 47] -128.0
[38, 42, 48] -96.0
[38, 42, 49] -64.0
[38, 42, 50] -32.0
[38, 43, 44] -480.0
[38, 43, 45] -352.0
[38, 43, 46] -224.0
[38, 43, 47] -128.0
[38, 43, 49] -64.0
[38, 43, 50] -32.0
[38, 44, 45] -352.0
[38, 44, 46] -256.0
[38, 44, 47] -160.0
[38, 44, 48] -96.0
[38, 44, 49] -64.0
[38, 45, 46] -288.0
[38, 45, 47] -192.0
[38, 45, 48] -96.0
[38, 45, 49] -64.0
[38, 45, 50] -32.0
[38, 46, 47] -224.0
[38, 46, 48] -128.0
[38, 46, 49] -64.0
[38, 46, 50] -32.0
[38, 47, 48] -160.0
[38, 47, 49] -64.0
[38, 47, 50] -32.0
[38, 48, 49] -96.0
[38, 48, 50] -32.0
[38, 49, 50] -32.0
[39, 40, 41] -608.0
[39, 40, 42] -800.0
[39, 40, 43] -672.0
[39, 40, 44] -544.0
[39, 40, 45] -416.0
[39, 40, 46] -288.0
[39, 40, 47] -224.0
[39, 40, 48] -160.0
[39, 40, 49] -96.0
[39, 40, 50] -32.0
[39, 41, 42] -800.0
[39, 41, 43] -416.0
[39, 41, 44] -544.0
[39, 41, 45] -416.0
[39, 41, 46] -288.0
[39, 41, 47] -192.0
[39, 41, 48] -128.0
[39, 41, 49] -64.0
[39, 41, 50] -32.0
[39, 42, 43] -672.0
[39, 42, 44] -544.0
[39, 42, 45] -224.0
[39, 42, 46] -288.0
[39, 42, 47] -160.0
[39, 42, 48] -96.0
[39, 42, 49] -64.0
[39, 42, 50] -32.0
[39, 43, 44] -544.0
[39, 43, 45] -416.0
[39, 43, 46] -288.0
[39, 43, 47] -32.0
[39, 43, 48] -96.0
[39, 43, 49] -64.0
[39, 43, 50] -32.0
[39, 44, 45] -416.0
[39, 44, 46] -288.0
[39, 44, 47] -192.0
[39, 44, 48] -96.0
[39, 44, 50] -32.0
[39, 45, 46] -320.0
[39, 45, 47] -224.0
[39, 45, 48] -128.0
[39, 45, 49] -64.0
[39, 45, 50] -32.0
[39, 46, 47] -256.0
[39, 46, 48] -160.0
[39, 46, 49] -64.0
[39, 46, 50] -32.0
[39, 47, 48] -192.0
[39, 47, 49] -96.0
[39, 47, 50] -32.0
[39, 48, 49] -128.0
[39, 48, 50] -32.0
[39, 49, 50] -64.0
[40, 41, 42] -544.0
[40, 41, 43] -736.0
[40, 41, 44] -608.0
[40, 41, 45] -480.0
[40, 41, 46] -352.0
[40, 41, 47] -224.0
[40, 41, 48] -160.0
[40, 41, 49] -96.0
[40, 41, 50] -32.0
[40, 42, 43] -704.0
[40, 42, 44] -384.0
[40, 42, 45] -480.0
[40, 42, 46] -352.0
[40, 42, 47] -224.0
[40, 42, 48] -128.0
[40, 42, 49] -64.0
[40, 42, 50] -32.0
[40, 43, 44] -576.0
[40, 43, 45] -480.0
[40, 43, 46] -192.0
[40, 43, 47] -224.0
[40, 43, 48] -96.0
[40, 43, 49] -64.0
[40, 43, 50] -32.0
[40, 44, 45] -448.0
[40, 44, 46] -352.0
[40, 44, 47] -224.0
[40, 44, 48] -32.0
[40, 44, 49] -64.0
[40, 44, 50] -32.0
[40, 45, 46] -320.0
[40, 45, 47] -256.0
[40, 45, 48] -160.0
[40, 45, 49] -64.0
[40, 46, 47] -256.0
[40, 46, 48] -192.0
[40, 46, 49] -96.0
[40, 46, 50] -32.0
[40, 47, 48] -192.0
[40, 47, 49] -128.0
[40, 47, 50] -32.0
[40, 48, 49] -128.0
[40, 48, 50] -64.0
[40, 49, 50] -64.0
[41, 42, 43] -480.0
[41, 42, 44] -640.0
[41, 42, 45] -544.0
[41, 42, 46] -416.0
[41, 42, 47] -288.0
[41, 42, 48] -160.0
[41, 42, 49] -96.0
[41, 42, 50] -32.0
[41, 43, 44] -608.0
[41, 43, 45] -320.0
[41, 43, 46] -416.0
[41, 43, 47] -288.0
[41, 43, 48] -160.0
[41, 43, 49] -64.0
[41, 43, 50] -32.0
[41, 44, 45] -480.0
[41, 44, 46] -384.0
[41, 44, 47] -160.0
[41, 44, 48] -160.0
[41, 44, 49] -64.0
[41, 44, 50] -32.0
[41, 45, 46] -352.0
[41, 45, 47] -256.0
[41, 45, 48] -192.0
[41, 45, 49] -32.0
[41, 45, 50] -32.0
[41, 46, 47] -256.0
[41, 46, 48] -192.0
[41, 46, 49] -128.0
[41, 46, 50] -32.0
[41, 47, 48] -192.0
[41, 47, 49] -128.0
[41, 47, 50] -64.0
[41, 48, 49] -128.0
[41, 48, 50] -64.0
[41, 49, 50] -64.0
[42, 43, 44] -416.0
[42, 43, 45] -544.0
[42, 43, 46] -448.0
[42, 43, 47] -352.0
[42, 43, 48] -224.0
[42, 43, 49] -96.0
[42, 43, 50] -32.0
[42, 44, 45] -512.0
[42, 44, 46] -256.0
[42, 44, 47] -320.0
[42, 44, 48] -224.0
[42, 44, 49] -96.0
[42, 44, 50] -32.0
[42, 45, 46] -384.0
[42, 45, 47] -288.0
[42, 45, 48] -96.0
[42, 45, 49] -128.0
[42, 45, 50] -32.0
[42, 46, 47] -256.0
[42, 46, 48] -192.0
[42, 46, 49] -128.0
[42, 46, 50] -32.0
[42, 47, 48] -192.0
[42, 47, 49] -128.0
[42, 47, 50] -64.0
[42, 48, 49] -128.0
[42, 48, 50] -64.0
[42, 49, 50] -64.0
[43, 44, 45] -352.0
[43, 44, 46] -448.0
[43, 44, 47] -352.0
[43, 44, 48] -256.0
[43, 44, 49] -160.0
[43, 44, 50] -32.0
[43, 45, 46] -416.0
[43, 45, 47] -192.0
[43, 45, 48] -224.0
[43, 45, 49] -128.0
[43, 45, 50] -64.0
[43, 46, 47] -288.0
[43, 46, 48] -192.0
[43, 46, 49] -64.0
[43, 46, 50] -64.0
[43, 47, 48] -192.0
[43, 47, 49] -128.0
[43, 47, 50] -64.0
[43, 48, 49] -128.0
[43, 48, 50] -64.0
[43, 49, 50] -64.0
[44, 45, 46] -288.0
[44, 45, 47] -352.0
[44, 45, 48] -256.0
[44, 45, 49] -160.0
[44, 45, 50] -64.0
[44, 46, 47] -320.0
[44, 46, 48] -128.0
[44, 46, 49] -128.0
[44, 46, 50] -64.0
[44, 47, 48] -192.0
[44, 47, 49] -128.0
[44, 47, 50] -32.0
[44, 48, 49] -128.0
[44, 48, 50] -64.0
[44, 49, 50] -64.0
[45, 46, 47] -224.0
[45, 46, 48] -256.0
[45, 46, 49] -160.0
[45, 46, 50] -64.0
[45, 47, 48] -224.0
[45, 47, 49] -64.0
[45, 47, 50] -64.0
[45, 48, 49] -128.0
[45, 48, 50] -64.0
[45, 49, 50] -64.0
[46, 47, 48] -160.0
[46, 47, 49] -160.0
[46, 47, 50] -64.0
[46, 48, 49] -128.0
[46, 48, 50] -32.0
[46, 49, 50] -64.0
[47, 48, 49] -96.0
[47, 48, 50] -64.0
[47, 49, 50] -64.0
[48, 49, 50] -32.0
[1, 2] 160.0
[1, 3] 152.0
[1, 4] 144.0
[1, 5] 136.0
[1, 6] 128.0
[1, 7] 120.0
[1, 8] 128.0
[1, 9] 120.0
[1, 10] 112.0
[1, 11] 104.0
[1, 12] 96.0
[1, 13] 88.0
[2, 3] 320.0
[2, 4] 320.0
[2, 5] 304.0
[2, 6] 288.0
[2, 7] 272.0
[2, 8] 272.0
[2, 9] 272.0
[2, 10] 256.0
[2, 11] 240.0
[2, 12] 224.0
[2, 13] 192.0
[2, 14] 88.0
[3, 4] 496.0
[3, 5] 488.0
[3, 6] 480.0
[3, 7] 456.0
[3, 8] 432.0
[3, 9] 440.0
[3, 10] 432.0
[3, 11] 408.0
[3, 12] 368.0
[3, 13] 328.0
[3, 14] 192.0
[3, 15] 88.0
[4, 5] 688.0
[4, 6] 672.0
[4, 7] 656.0
[4, 8] 640.0
[4, 9] 624.0
[4, 10] 624.0
[4, 11] 592.0
[4, 12] 544.0
[4, 13] 480.0
[4, 14] 328.0
[4, 15] 192.0
[4, 16] 88.0
[5, 6] 896.0
[5, 7] 872.0
[5, 8] 848.0
[5, 9] 824.0
[5, 10] 816.0
[5, 11] 792.0
[5, 12] 736.0
[5, 13] 664.0
[5, 14] 480.0
[5, 15] 328.0
[5, 16] 192.0
[5, 17] 88.0
[6, 7] 1120.0
[6, 8] 1088.0
[6, 9] 1040.0
[6, 10] 1008.0
[6, 11] 976.0
[6, 12] 944.0
[6, 13] 864.0
[6, 14] 664.0
[6, 15] 480.0
[6, 16] 328.0
[6, 17] 192.0
[6, 18] 88.0
[7, 8] 1344.0
[7, 9] 1288.0
[7, 10] 1216.0
[7, 11] 1176.0
[7, 12] 1120.0
[7, 13] 1064.0
[7, 14] 864.0
[7, 15] 664.0
[7, 16] 480.0
[7, 17] 328.0
[7, 18] 192.0
[7, 19] 88.0
[8, 9] 1552.0
[8, 10] 1472.0
[8, 11] 1392.0
[8, 12] 1328.0
[8, 13] 1248.0
[8, 14] 1064.0
[8, 15] 864.0
[8, 16] 664.0
[8, 17] 480.0
[8, 18] 328.0
[8, 19] 192.0
[8, 20] 88.0
[9, 10] 1744.0
[9, 11] 1640.0
[9, 12] 1552.0
[9, 13] 1464.0
[9, 14] 1248.0
[9, 15] 1064.0
[9, 16] 864.0
[9, 17] 664.0
[9, 18] 480.0
[9, 19] 328.0
[9, 20] 192.0
[9, 21] 88.0
[10, 11] 1920.0
[10, 12] 1808.0
[10, 13] 1696.0
[10, 14] 1464.0
[10, 15] 1248.0
[10, 16] 1064.0
[10, 17] 864.0
[10, 18] 664.0
[10, 19] 480.0
[10, 20] 328.0
[10, 21] 192.0
[10, 22] 88.0
[11, 12] 2080.0
[11, 13] 1960.0
[11, 14] 1696.0
[11, 15] 1464.0
[11, 16] 1248.0
[11, 17] 1064.0
[11, 18] 864.0
[11, 19] 664.0
[11, 20] 480.0
[11, 21] 328.0
[11, 22] 192.0
[11, 23] 88.0
[12, 13] 2240.0
[12, 14] 1960.0
[12, 15] 1696.0
[12, 16] 1464.0
[12, 17] 1248.0
[12, 18] 1064.0
[12, 19] 864.0
[12, 20] 664.0
[12, 21] 480.0
[12, 22] 328.0
[12, 23] 192.0
[12, 24] 88.0
[13, 14] 2240.0
[13, 15] 1960.0
[13, 16] 1696.0
[13, 17] 1464.0
[13, 18] 1248.0
[13, 19] 1064.0
[13, 20] 864.0
[13, 21] 664.0
[13, 22] 480.0
[13, 23] 328.0
[13, 24] 192.0
[13, 25] 88.0
[14, 15] 2240.0
[14, 16] 1960.0
[14, 17] 1696.0
[14, 18] 1464.0
[14, 19] 1248.0
[14, 20] 1064.0
[14, 21] 864.0
[14, 22] 664.0
[14, 23] 480.0
[14, 24] 328.0
[14, 25] 192.0
[14, 26] 88.0
[15, 16] 2240.0
[15, 17] 1960.0
[15, 18] 1696.0
[15, 19] 1464.0
[15, 20] 1248.0
[15, 21] 1064.0
[15, 22] 864.0
[15, 23] 664.0
[15, 24] 480.0
[15, 25] 328.0
[15, 26] 192.0
[15, 27] 88.0
[16, 17] 2240.0
[16, 18] 1960.0
[16, 19] 1696.0
[16, 20] 1464.0
[16, 21] 1248.0
[16, 22] 1064.0
[16, 23] 864.0
[16, 24] 664.0
[16, 25] 480.0
[16, 26] 328.0
[16, 27] 192.0
[16, 28] 88.0
[17, 18] 2240.0
[17, 19] 1960.0
[17, 20] 1696.0
[17, 21] 1464.0
[17, 22] 1248.0
[17, 23] 1064.0
[17, 24] 864.0
[17, 25] 664.0
[17, 26] 480.0
[17, 27] 328.0
[17, 28] 192.0
[17, 29] 88.0
[18, 19] 2240.0
[18, 20] 1960.0
[18, 21] 1696.0
[18, 22] 1464.0
[18, 23] 1248.0
[18, 24] 1064.0
[18, 25] 864.0
[18, 26] 664.0
[18, 27] 480.0
[18, 28] 328.0
[18, 29] 192.0
[18, 30] 88.0
[19, 20] 2240.0
[19, 21] 1960.0
[19, 22] 1696.0
[19, 23] 1464.0
[19, 24] 1248.0
[19, 25] 1064.0
[19, 26] 864.0
[19, 27] 664.0
[19, 28] 480.0
[19, 29] 328.0
[19, 30] 192.0
[19, 31] 88.0
[20, 21] 2240.0
[20, 22] 1960.0
[20, 23] 1696.0
[20, 24] 1464.0
[20, 25] 1248.0
[20, 26] 1064.0
[20, 27] 864.0
[20, 28] 664.0
[20, 29] 480.0
[20, 30] 328.0
[20, 31] 192.0
[20, 32] 88.0
[21, 22] 2240.0
[21, 23] 1960.0
[21, 24] 1696.0
[21, 25] 1464.0
[21, 26] 1248.0
[21, 27] 1064.0
[21, 28] 864.0
[21, 29] 664.0
[21, 30] 480.0
[21, 31] 328.0
[21, 32] 192.0
[21, 33] 88.0
[22, 23] 2240.0
[22, 24] 1960.0
[22, 25] 1696.0
[22, 26] 1464.0
[22, 27] 1248.0
[22, 28] 1064.0
[22, 29] 864.0
[22, 30] 664.0
[22, 31] 480.0
[22, 32] 328.0
[22, 33] 192.0
[22, 34] 88.0
[23, 24] 2240.0
[23, 25] 1960.0
[23, 26] 1696.0
[23, 27] 1464.0
[23, 28] 1248.0
[23, 29] 1064.0
[23, 30] 864.0
[23, 31] 664.0
[23, 32] 480.0
[23, 33] 328.0
[23, 34] 192.0
[23, 35] 88.0
[24, 25] 2240.0
[24, 26] 1960.0
[24, 27] 1696.0
[24, 28] 1464.0
[24, 29] 1248.0
[24, 30] 1064.0
[24, 31] 864.0
[24, 32] 664.0
[24, 33] 480.0
[24, 34] 328.0
[24, 35] 192.0
[24, 36] 88.0
[25, 26] 2240.0
[25, 27] 1960.0
[25, 28] 1696.0
[25, 29] 1464.0
[25, 30] 1248.0
[25, 31] 1064.0
[25, 32] 864.0
[25, 33] 664.0
[25, 34] 480.0
[25, 35] 328.0
[25, 36] 192.0
[25, 37] 88.0
[26, 27] 2240.0
[26, 28] 1960.0
[26, 29] 1696.0
[26, 30] 1464.0
[26, 31] 1248.0
[26, 32] 1064.0
[26, 33] 864.0
[26, 34] 664.0
[26, 35] 480.0
[26, 36] 328.0
[26, 37] 192.0
[26, 38] 88.0
[27, 28] 2240.0
[27, 29] 1960.0
[27, 30] 1696.0
[27, 31] 1464.0
[27, 32] 1248.0
[27, 33] 1064.0
[27, 34] 864.0
[27, 35] 664.0
[27, 36] 480.0
[27, 37] 328.0
[27, 38] 192.0
[27, 39] 88.0
[28, 29] 2240.0
[28, 30] 1960.0
[28, 31] 1696.0
[28, 32] 1464.0
[28, 33] 1248.0
[28, 34] 1064.0
[28, 35] 864.0
[28, 36] 664.0
[28, 37] 480.0
[28, 38] 328.0
[28, 39] 192.0
[28, 40] 88.0
[29, 30] 2240.0
[29, 31] 1960.0
[29, 32] 1696.0
[29, 33] 1464.0
[29, 34] 1248.0
[29, 35] 1064.0
[29, 36] 864.0
[29, 37] 664.0
[29, 38] 480.0
[29, 39] 328.0
[29, 40] 192.0
[29, 41] 88.0
[30, 31] 2240.0
[30, 32] 1960.0
[30, 33] 1696.0
[30, 34] 1464.0
[30, 35] 1248.0
[30, 36] 1064.0
[30, 37] 864.0
[30, 38] 664.0
[30, 39] 480.0
[30, 40] 328.0
[30, 41] 192.0
[30, 42] 88.0
[31, 32] 2240.0
[31, 33] 1960.0
[31, 34] 1696.0
[31, 35] 1464.0
[31, 36] 1248.0
[31, 37] 1064.0
[31, 38] 864.0
[31, 39] 664.0
[31, 40] 480.0
[31, 41] 328.0
[31, 42] 192.0
[31, 43] 88.0
[32, 33] 2240.0
[32, 34] 1960.0
[32, 35] 1696.0
[32, 36] 1464.0
[32, 37] 1248.0
[32, 38] 1064.0
[32, 39] 864.0
[32, 40] 664.0
[32, 41] 480.0
[32, 42] 328.0
[32, 43] 192.0
[32, 44] 88.0
[33, 34] 2240.0
[33, 35] 1960.0
[33, 36] 1696.0
[33, 37] 1464.0
[33, 38] 1248.0
[33, 39] 1064.0
[33, 40] 864.0
[33, 41] 664.0
[33, 42] 480.0
[33, 43] 328.0
[33, 44] 192.0
[33, 45] 88.0
[34, 35] 2240.0
[34, 36] 1960.0
[34, 37] 1696.0
[34, 38] 1464.0
[34, 39] 1248.0
[34, 40] 1064.0
[34, 41] 864.0
[34, 42] 664.0
[34, 43] 480.0
[34, 44] 328.0
[34, 45] 192.0
[34, 46] 88.0
[35, 36] 2240.0
[35, 37] 1960.0
[35, 38] 1696.0
[35, 39] 1464.0
[35, 40] 1248.0
[35, 41] 1064.0
[35, 42] 864.0
[35, 43] 664.0
[35, 44] 480.0
[35, 45] 328.0
[35, 46] 192.0
[35, 47] 88.0
[36, 37] 2240.0
[36, 38] 1960.0
[36, 39] 1696.0
[36, 40] 1464.0
[36, 41] 1248.0
[36, 42] 1064.0
[36, 43] 864.0
[36, 44] 664.0
[36, 45] 480.0
[36, 46] 328.0
[36, 47] 192.0
[36, 48] 88.0
[37, 38] 2240.0
[37, 39] 1960.0
[37, 40] 1696.0
[37, 41] 1464.0
[37, 42] 1248.0
[37, 43] 1064.0
[37, 44] 864.0
[37, 45] 664.0
[37, 46] 480.0
[37, 47] 328.0
[37, 48] 192.0
[37, 49] 88.0
[38, 39] 2240.0
[38, 40] 1960.0
[38, 41] 1696.0
[38, 42] 1464.0
[38, 43] 1248.0
[38, 44] 1064.0
[38, 45] 864.0
[38, 46] 664.0
[38, 47] 480.0
[38, 48] 328.0
[38, 49] 192.0
[38, 50] 88.0
[39, 40] 2080.0
[39, 41] 1808.0
[39, 42] 1552.0
[39, 43] 1328.0
[39, 44] 1120.0
[39, 45] 944.0
[39, 46] 736.0
[39, 47] 544.0
[39, 48] 368.0
[39, 49] 224.0
[39, 50] 96.0
[40, 41] 1920.0
[40, 42] 1640.0
[40, 43] 1392.0
[40, 44] 1176.0
[40, 45] 976.0
[40, 46] 792.0
[40, 47] 592.0
[40, 48] 408.0
[40, 49] 240.0
[40, 50] 104.0
[41, 42] 1744.0
[41, 43] 1472.0
[41, 44] 1216.0
[41, 45] 1008.0
[41, 46] 816.0
[41, 47] 624.0
[41, 48] 432.0
[41, 49] 256.0
[41, 50] 112.0
[42, 43] 1552.0
[42, 44] 1288.0
[42, 45] 1040.0
[42, 46] 824.0
[42, 47] 624.0
[42, 48] 440.0
[42, 49] 272.0
[42, 50] 120.0
[43, 44] 1344.0
[43, 45] 1088.0
[43, 46] 848.0
[43, 47] 640.0
[43, 48] 432.0
[43, 49] 272.0
[43, 50] 128.0
[44, 45] 1120.0
[44, 46] 872.0
[44, 47] 656.0
[44, 48] 456.0
[44, 49] 272.0
[44, 50] 120.0
[45, 46] 896.0
[45, 47] 672.0
[45, 48] 480.0
[45, 49] 288.0
[45, 50] 128.0
[46, 47] 688.0
[46, 48] 488.0
[46, 49] 304.0
[46, 50] 136.0
[47, 48] 496.0
[47, 49] 320.0
[47, 50] 144.0
[48, 49] 320.0
[48, 50] 152.0
[49, 50] 160.0
[1] -264.0
[2] -564.0
[3] -892.0
[4] -1240.0
[5] -1600.0
[6] -1964.0
[7] -2324.0
[8] -2688.0
[9] -3048.0
[10] -3396.0
[11] -3724.0
[12] -4024.0
[13] -4288.0
[14] -4288.0
[15] -4288.0
[16] -4288.0
[17] -4288.0
[18] -4288.0
[19] -4288.0
[20] -4288.0
[21] -4288.0
[22] -4288.0
[23] -4288.0
[24] -4288.0
[25] -4288.0
[26] -4288.0
[27] -4288.0
[28] -4288.0
[29] -4288.0
[30] -4288.0
[31] -4288.0
[32] -4288.0
[33] -4288.0
[34] -4288.0
[35] -4288.0
[36] -4288.0
[37] -4288.0
[38] -4288.0
[39] -4024.0
[40] -3724.0
[41] -3396.0
[42] -3048.0
[43] -2688.0
[44] -2324.0
[45] -1964.0
[46] -1600.0
[47] -1240.0
[48] -892.0
[49] -564.0
[50] -264.0
