#Variables 25
#Constraints 0
Objsense Min
VariablesInfo
0.0 1.0 Bin
0.0 1.0 Bin
0.0 1.0 Bin
0.0 1.0 Bin
0.0 1.0 Bin
0.0 1.0 Bin
0.0 1.0 Bin
0.0 1.0 Bin
0.0 1.0 Bin
0.0 1.0 Bin
0.0 1.0 Bin
0.0 1.0 Bin
0.0 1.0 Bin
0.0 1.0 Bin
0.0 1.0 Bin
0.0 1.0 Bin
0.0 1.0 Bin
0.0 1.0 Bin
0.0 1.0 Bin
0.0 1.0 Bin
0.0 1.0 Bin
0.0 1.0 Bin
0.0 1.0 Bin
0.0 1.0 Bin
0.0 1.0 Bin
Objective 3677
Offset 0.0
[1, 2, 3, 4] 64.0
[1, 2, 4, 5] 64.0
[1, 2, 5, 6] 64.0
[1, 2, 6, 7] 64.0
[1, 2, 7, 8] 64.0
[1, 2, 8, 9] 64.0
[1, 2, 9, 10] 64.0
[1, 2, 10, 11] 64.0
[1, 2, 11, 12] 64.0
[1, 2, 12, 13] 64.0
[1, 2, 13, 14] 64.0
[1, 2, 14, 15] 64.0
[1, 2, 15, 16] 64.0
[1, 2, 16, 17] 64.0
[1, 2, 17, 18] 64.0
[1, 2, 18, 19] 64.0
[1, 2, 19, 20] 64.0
[1, 2, 20, 21] 64.0
[1, 2, 21, 22] 64.0
[1, 2, 22, 23] 64.0
[1, 2, 23, 24] 64.0
[1, 2, 24, 25] 64.0
[1, 3, 4, 6] 64.0
[1, 3, 5, 7] 64.0
[1, 3, 6, 8] 64.0
[1, 3, 7, 9] 64.0
[1, 3, 8, 10] 64.0
[1, 3, 9, 11] 64.0
[1, 3, 10, 12] 64.0
[1, 3, 11, 13] 64.0
[1, 3, 12, 14] 64.0
[1, 3, 13, 15] 64.0
[1, 3, 14, 16] 64.0
[1, 3, 15, 17] 64.0
[1, 3, 16, 18] 64.0
[1, 3, 17, 19] 64.0
[1, 3, 18, 20] 64.0
[1, 3, 19, 21] 64.0
[1, 3, 20, 22] 64.0
[1, 3, 21, 23] 64.0
[1, 3, 22, 24] 64.0
[1, 3, 23, 25] 64.0
[1, 4, 5, 8] 64.0
[1, 4, 6, 9] 64.0
[1, 4, 7, 10] 64.0
[1, 4, 8, 11] 64.0
[1, 4, 9, 12] 64.0
[1, 4, 10, 13] 64.0
[1, 4, 11, 14] 64.0
[1, 4, 12, 15] 64.0
[1, 4, 13, 16] 64.0
[1, 4, 14, 17] 64.0
[1, 4, 15, 18] 64.0
[1, 4, 16, 19] 64.0
[1, 4, 17, 20] 64.0
[1, 4, 18, 21] 64.0
[1, 4, 19, 22] 64.0
[1, 4, 20, 23] 64.0
[1, 4, 21, 24] 64.0
[1, 4, 22, 25] 64.0
[1, 5, 6, 10] 64.0
[1, 5, 7, 11] 64.0
[1, 5, 8, 12] 64.0
[1, 5, 9, 13] 64.0
[1, 5, 10, 14] 64.0
[1, 5, 11, 15] 64.0
[1, 5, 12, 16] 64.0
[1, 5, 13, 17] 64.0
[1, 5, 14, 18] 64.0
[1, 5, 15, 19] 64.0
[1, 5, 16, 20] 64.0
[1, 5, 17, 21] 64.0
[1, 5, 18, 22] 64.0
[1, 5, 19, 23] 64.0
[1, 5, 20, 24] 64.0
[1, 5, 21, 25] 64.0
[1, 6, 7, 12] 64.0
[1, 6, 8, 13] 64.0
[1, 6, 9, 14] 64.0
[1, 6, 10, 15] 64.0
[1, 6, 11, 16] 64.0
[1, 6, 12, 17] 64.0
[1, 6, 13, 18] 64.0
[1, 6, 14, 19] 64.0
[1, 6, 15, 20] 64.0
[1, 6, 16, 21] 64.0
[1, 6, 17, 22] 64.0
[1, 6, 18, 23] 64.0
[1, 6, 19, 24] 64.0
[1, 6, 20, 25] 64.0
[1, 7, 8, 14] 64.0
[1, 7, 9, 15] 64.0
[1, 7, 10, 16] 64.0
[1, 7, 11, 17] 64.0
[1, 7, 12, 18] 64.0
[1, 7, 13, 19] 64.0
[1, 7, 14, 20] 64.0
[1, 7, 15, 21] 64.0
[1, 7, 16, 22] 64.0
[1, 7, 17, 23] 64.0
[1, 7, 18, 24] 64.0
[1, 7, 19, 25] 64.0
[1, 8, 9, 16] 64.0
[1, 8, 10, 17] 64.0
[1, 8, 11, 18] 64.0
[1, 8, 12, 19] 64.0
[1, 8, 13, 20] 64.0
[1, 8, 14, 21] 64.0
[1, 8, 15, 22] 64.0
[1, 8, 16, 23] 64.0
[1, 8, 17, 24] 64.0
[1, 8, 18, 25] 64.0
[1, 9, 10, 18] 64.0
[1, 9, 11, 19] 64.0
[1, 9, 12, 20] 64.0
[1, 9, 13, 21] 64.0
[1, 9, 14, 22] 64.0
[1, 9, 15, 23] 64.0
[1, 9, 16, 24] 64.0
[1, 9, 17, 25] 64.0
[1, 10, 11, 20] 64.0
[1, 10, 12, 21] 64.0
[1, 10, 13, 22] 64.0
[1, 10, 14, 23] 64.0
[1, 10, 15, 24] 64.0
[1, 10, 16, 25] 64.0
[1, 11, 12, 22] 64.0
[1, 11, 13, 23] 64.0
[1, 11, 14, 24] 64.0
[1, 11, 15, 25] 64.0
[1, 12, 13, 24] 64.0
[1, 12, 14, 25] 64.0
[2, 3, 4, 5] 64.0
[2, 3, 5, 6] 64.0
[2, 3, 6, 7] 64.0
[2, 3, 7, 8] 64.0
[2, 3, 8, 9] 64.0
[2, 3, 9, 10] 64.0
[2, 3, 10, 11] 64.0
[2, 3, 11, 12] 64.0
[2, 3, 12, 13] 128.0
[2, 3, 13, 14] 128.0
[2, 3, 14, 15] 128.0
[2, 3, 15, 16] 128.0
[2, 3, 16, 17] 128.0
[2, 3, 17, 18] 128.0
[2, 3, 18, 19] 128.0
[2, 3, 19, 20] 128.0
[2, 3, 20, 21] 128.0
[2, 3, 21, 22] 128.0
[2, 3, 22, 23] 128.0
[2, 3, 23, 24] 128.0
[2, 3, 24, 25] 64.0
[2, 4, 5, 7] 64.0
[2, 4, 6, 8] 64.0
[2, 4, 7, 9] 64.0
[2, 4, 8, 10] 64.0
[2, 4, 9, 11] 64.0
[2, 4, 10, 12] 64.0
[2, 4, 11, 13] 128.0
[2, 4, 12, 14] 128.0
[2, 4, 13, 15] 128.0
[2, 4, 14, 16] 128.0
[2, 4, 15, 17] 128.0
[2, 4, 16, 18] 128.0
[2, 4, 17, 19] 128.0
[2, 4, 18, 20] 128.0
[2, 4, 19, 21] 128.0
[2, 4, 20, 22] 128.0
[2, 4, 21, 23] 128.0
[2, 4, 22, 24] 128.0
[2, 4, 23, 25] 64.0
[2, 5, 6, 9] 64.0
[2, 5, 7, 10] 64.0
[2, 5, 8, 11] 64.0
[2, 5, 9, 12] 64.0
[2, 5, 10, 13] 128.0
[2, 5, 11, 14] 128.0
[2, 5, 12, 15] 128.0
[2, 5, 13, 16] 128.0
[2, 5, 14, 17] 128.0
[2, 5, 15, 18] 128.0
[2, 5, 16, 19] 128.0
[2, 5, 17, 20] 128.0
[2, 5, 18, 21] 128.0
[2, 5, 19, 22] 128.0
[2, 5, 20, 23] 128.0
[2, 5, 21, 24] 128.0
[2, 5, 22, 25] 64.0
[2, 6, 7, 11] 64.0
[2, 6, 8, 12] 64.0
[2, 6, 9, 13] 128.0
[2, 6, 10, 14] 128.0
[2, 6, 11, 15] 128.0
[2, 6, 12, 16] 128.0
[2, 6, 13, 17] 128.0
[2, 6, 14, 18] 128.0
[2, 6, 15, 19] 128.0
[2, 6, 16, 20] 128.0
[2, 6, 17, 21] 128.0
[2, 6, 18, 22] 128.0
[2, 6, 19, 23] 128.0
[2, 6, 20, 24] 128.0
[2, 6, 21, 25] 64.0
[2, 7, 8, 13] 128.0
[2, 7, 9, 14] 128.0
[2, 7, 10, 15] 128.0
[2, 7, 11, 16] 128.0
[2, 7, 12, 17] 128.0
[2, 7, 13, 18] 128.0
[2, 7, 14, 19] 128.0
[2, 7, 15, 20] 128.0
[2, 7, 16, 21] 128.0
[2, 7, 17, 22] 128.0
[2, 7, 18, 23] 128.0
[2, 7, 19, 24] 128.0
[2, 7, 20, 25] 64.0
[2, 8, 9, 15] 128.0
[2, 8, 10, 16] 128.0
[2, 8, 11, 17] 128.0
[2, 8, 12, 18] 128.0
[2, 8, 13, 19] 128.0
[2, 8, 14, 20] 128.0
[2, 8, 15, 21] 128.0
[2, 8, 16, 22] 128.0
[2, 8, 17, 23] 128.0
[2, 8, 18, 24] 128.0
[2, 8, 19, 25] 64.0
[2, 9, 10, 17] 128.0
[2, 9, 11, 18] 128.0
[2, 9, 12, 19] 128.0
[2, 9, 13, 20] 128.0
[2, 9, 14, 21] 128.0
[2, 9, 15, 22] 128.0
[2, 9, 16, 23] 128.0
[2, 9, 17, 24] 128.0
[2, 9, 18, 25] 64.0
[2, 10, 11, 19] 128.0
[2, 10, 12, 20] 128.0
[2, 10, 13, 21] 128.0
[2, 10, 14, 22] 128.0
[2, 10, 15, 23] 128.0
[2, 10, 16, 24] 128.0
[2, 10, 17, 25] 64.0
[2, 11, 12, 21] 128.0
[2, 11, 13, 22] 128.0
[2, 11, 14, 23] 128.0
[2, 11, 15, 24] 128.0
[2, 11, 16, 25] 64.0
[2, 12, 13, 23] 128.0
[2, 12, 14, 24] 128.0
[2, 12, 15, 25] 64.0
[2, 13, 14, 25] 64.0
[3, 4, 5, 6] 64.0
[3, 4, 6, 7] 64.0
[3, 4, 7, 8] 64.0
[3, 4, 8, 9] 64.0
[3, 4, 9, 10] 64.0
[3, 4, 10, 11] 64.0
[3, 4, 11, 12] 64.0
[3, 4, 12, 13] 64.0
[3, 4, 13, 14] 192.0
[3, 4, 14, 15] 192.0
[3, 4, 15, 16] 192.0
[3, 4, 16, 17] 192.0
[3, 4, 17, 18] 192.0
[3, 4, 18, 19] 192.0
[3, 4, 19, 20] 192.0
[3, 4, 20, 21] 192.0
[3, 4, 21, 22] 192.0
[3, 4, 22, 23] 192.0
[3, 4, 23, 24] 128.0
[3, 4, 24, 25] 64.0
[3, 5, 6, 8] 64.0
[3, 5, 7, 9] 64.0
[3, 5, 8, 10] 64.0
[3, 5, 9, 11] 64.0
[3, 5, 10, 12] 64.0
[3, 5, 11, 13] 64.0
[3, 5, 12, 14] 192.0
[3, 5, 13, 15] 192.0
[3, 5, 14, 16] 192.0
[3, 5, 15, 17] 192.0
[3, 5, 16, 18] 192.0
[3, 5, 17, 19] 192.0
[3, 5, 18, 20] 192.0
[3, 5, 19, 21] 192.0
[3, 5, 20, 22] 192.0
[3, 5, 21, 23] 192.0
[3, 5, 22, 24] 128.0
[3, 5, 23, 25] 64.0
[3, 6, 7, 10] 64.0
[3, 6, 8, 11] 64.0
[3, 6, 9, 12] 64.0
[3, 6, 10, 13] 64.0
[3, 6, 11, 14] 192.0
[3, 6, 12, 15] 192.0
[3, 6, 13, 16] 192.0
[3, 6, 14, 17] 192.0
[3, 6, 15, 18] 192.0
[3, 6, 16, 19] 192.0
[3, 6, 17, 20] 192.0
[3, 6, 18, 21] 192.0
[3, 6, 19, 22] 192.0
[3, 6, 20, 23] 192.0
[3, 6, 21, 24] 128.0
[3, 6, 22, 25] 64.0
[3, 7, 8, 12] 64.0
[3, 7, 9, 13] 64.0
[3, 7, 10, 14] 192.0
[3, 7, 11, 15] 192.0
[3, 7, 12, 16] 192.0
[3, 7, 13, 17] 192.0
[3, 7, 14, 18] 192.0
[3, 7, 15, 19] 192.0
[3, 7, 16, 20] 192.0
[3, 7, 17, 21] 192.0
[3, 7, 18, 22] 192.0
[3, 7, 19, 23] 192.0
[3, 7, 20, 24] 128.0
[3, 7, 21, 25] 64.0
[3, 8, 9, 14] 192.0
[3, 8, 10, 15] 192.0
[3, 8, 11, 16] 192.0
[3, 8, 12, 17] 192.0
[3, 8, 13, 18] 192.0
[3, 8, 14, 19] 192.0
[3, 8, 15, 20] 192.0
[3, 8, 16, 21] 192.0
[3, 8, 17, 22] 192.0
[3, 8, 18, 23] 192.0
[3, 8, 19, 24] 128.0
[3, 8, 20, 25] 64.0
[3, 9, 10, 16] 192.0
[3, 9, 11, 17] 192.0
[3, 9, 12, 18] 192.0
[3, 9, 13, 19] 192.0
[3, 9, 14, 20] 192.0
[3, 9, 15, 21] 192.0
[3, 9, 16, 22] 192.0
[3, 9, 17, 23] 192.0
[3, 9, 18, 24] 128.0
[3, 9, 19, 25] 64.0
[3, 10, 11, 18] 192.0
[3, 10, 12, 19] 192.0
[3, 10, 13, 20] 192.0
[3, 10, 14, 21] 192.0
[3, 10, 15, 22] 192.0
[3, 10, 16, 23] 192.0
[3, 10, 17, 24] 128.0
[3, 10, 18, 25] 64.0
[3, 11, 12, 20] 192.0
[3, 11, 13, 21] 192.0
[3, 11, 14, 22] 192.0
[3, 11, 15, 23] 192.0
[3, 11, 16, 24] 128.0
[3, 11, 17, 25] 64.0
[3, 12, 13, 22] 192.0
[3, 12, 14, 23] 192.0
[3, 12, 15, 24] 128.0
[3, 12, 16, 25] 64.0
[3, 13, 14, 24] 128.0
[3, 13, 15, 25] 64.0
[4, 5, 6, 7] 64.0
[4, 5, 7, 8] 64.0
[4, 5, 8, 9] 64.0
[4, 5, 9, 10] 64.0
[4, 5, 10, 11] 64.0
[4, 5, 11, 12] 64.0
[4, 5, 12, 13] 64.0
[4, 5, 13, 14] 64.0
[4, 5, 14, 15] 256.0
[4, 5, 15, 16] 256.0
[4, 5, 16, 17] 256.0
[4, 5, 17, 18] 256.0
[4, 5, 18, 19] 256.0
[4, 5, 19, 20] 256.0
[4, 5, 20, 21] 256.0
[4, 5, 21, 22] 256.0
[4, 5, 22, 23] 192.0
[4, 5, 23, 24] 128.0
[4, 5, 24, 25] 64.0
[4, 6, 7, 9] 64.0
[4, 6, 8, 10] 64.0
[4, 6, 9, 11] 64.0
[4, 6, 10, 12] 64.0
[4, 6, 11, 13] 64.0
[4, 6, 12, 14] 64.0
[4, 6, 13, 15] 256.0
[4, 6, 14, 16] 256.0
[4, 6, 15, 17] 256.0
[4, 6, 16, 18] 256.0
[4, 6, 17, 19] 256.0
[4, 6, 18, 20] 256.0
[4, 6, 19, 21] 256.0
[4, 6, 20, 22] 256.0
[4, 6, 21, 23] 192.0
[4, 6, 22, 24] 128.0
[4, 6, 23, 25] 64.0
[4, 7, 8, 11] 64.0
[4, 7, 9, 12] 64.0
[4, 7, 10, 13] 64.0
[4, 7, 11, 14] 64.0
[4, 7, 12, 15] 256.0
[4, 7, 13, 16] 256.0
[4, 7, 14, 17] 256.0
[4, 7, 15, 18] 256.0
[4, 7, 16, 19] 256.0
[4, 7, 17, 20] 256.0
[4, 7, 18, 21] 256.0
[4, 7, 19, 22] 256.0
[4, 7, 20, 23] 192.0
[4, 7, 21, 24] 128.0
[4, 7, 22, 25] 64.0
[4, 8, 9, 13] 64.0
[4, 8, 10, 14] 64.0
[4, 8, 11, 15] 256.0
[4, 8, 12, 16] 256.0
[4, 8, 13, 17] 256.0
[4, 8, 14, 18] 256.0
[4, 8, 15, 19] 256.0
[4, 8, 16, 20] 256.0
[4, 8, 17, 21] 256.0
[4, 8, 18, 22] 256.0
[4, 8, 19, 23] 192.0
[4, 8, 20, 24] 128.0
[4, 8, 21, 25] 64.0
[4, 9, 10, 15] 256.0
[4, 9, 11, 16] 256.0
[4, 9, 12, 17] 256.0
[4, 9, 13, 18] 256.0
[4, 9, 14, 19] 256.0
[4, 9, 15, 20] 256.0
[4, 9, 16, 21] 256.0
[4, 9, 17, 22] 256.0
[4, 9, 18, 23] 192.0
[4, 9, 19, 24] 128.0
[4, 9, 20, 25] 64.0
[4, 10, 11, 17] 256.0
[4, 10, 12, 18] 256.0
[4, 10, 13, 19] 256.0
[4, 10, 14, 20] 256.0
[4, 10, 15, 21] 256.0
[4, 10, 16, 22] 256.0
[4, 10, 17, 23] 192.0
[4, 10, 18, 24] 128.0
[4, 10, 19, 25] 64.0
[4, 11, 12, 19] 256.0
[4, 11, 13, 20] 256.0
[4, 11, 14, 21] 256.0
[4, 11, 15, 22] 256.0
[4, 11, 16, 23] 192.0
[4, 11, 17, 24] 128.0
[4, 11, 18, 25] 64.0
[4, 12, 13, 21] 256.0
[4, 12, 14, 22] 256.0
[4, 12, 15, 23] 192.0
[4, 12, 16, 24] 128.0
[4, 12, 17, 25] 64.0
[4, 13, 14, 23] 192.0
[4, 13, 15, 24] 128.0
[4, 13, 16, 25] 64.0
[4, 14, 15, 25] 64.0
[5, 6, 7, 8] 64.0
[5, 6, 8, 9] 64.0
[5, 6, 9, 10] 64.0
[5, 6, 10, 11] 64.0
[5, 6, 11, 12] 64.0
[5, 6, 12, 13] 64.0
[5, 6, 13, 14] 64.0
[5, 6, 14, 15] 64.0
[5, 6, 15, 16] 320.0
[5, 6, 16, 17] 320.0
[5, 6, 17, 18] 320.0
[5, 6, 18, 19] 320.0
[5, 6, 19, 20] 320.0
[5, 6, 20, 21] 320.0
[5, 6, 21, 22] 256.0
[5, 6, 22, 23] 192.0
[5, 6, 23, 24] 128.0
[5, 6, 24, 25] 64.0
[5, 7, 8, 10] 64.0
[5, 7, 9, 11] 64.0
[5, 7, 10, 12] 64.0
[5, 7, 11, 13] 64.0
[5, 7, 12, 14] 64.0
[5, 7, 13, 15] 64.0
[5, 7, 14, 16] 320.0
[5, 7, 15, 17] 320.0
[5, 7, 16, 18] 320.0
[5, 7, 17, 19] 320.0
[5, 7, 18, 20] 320.0
[5, 7, 19, 21] 320.0
[5, 7, 20, 22] 256.0
[5, 7, 21, 23] 192.0
[5, 7, 22, 24] 128.0
[5, 7, 23, 25] 64.0
[5, 8, 9, 12] 64.0
[5, 8, 10, 13] 64.0
[5, 8, 11, 14] 64.0
[5, 8, 12, 15] 64.0
[5, 8, 13, 16] 320.0
[5, 8, 14, 17] 320.0
[5, 8, 15, 18] 320.0
[5, 8, 16, 19] 320.0
[5, 8, 17, 20] 320.0
[5, 8, 18, 21] 320.0
[5, 8, 19, 22] 256.0
[5, 8, 20, 23] 192.0
[5, 8, 21, 24] 128.0
[5, 8, 22, 25] 64.0
[5, 9, 10, 14] 64.0
[5, 9, 11, 15] 64.0
[5, 9, 12, 16] 320.0
[5, 9, 13, 17] 320.0
[5, 9, 14, 18] 320.0
[5, 9, 15, 19] 320.0
[5, 9, 16, 20] 320.0
[5, 9, 17, 21] 320.0
[5, 9, 18, 22] 256.0
[5, 9, 19, 23] 192.0
[5, 9, 20, 24] 128.0
[5, 9, 21, 25] 64.0
[5, 10, 11, 16] 320.0
[5, 10, 12, 17] 320.0
[5, 10, 13, 18] 320.0
[5, 10, 14, 19] 320.0
[5, 10, 15, 20] 320.0
[5, 10, 16, 21] 320.0
[5, 10, 17, 22] 256.0
[5, 10, 18, 23] 192.0
[5, 10, 19, 24] 128.0
[5, 10, 20, 25] 64.0
[5, 11, 12, 18] 320.0
[5, 11, 13, 19] 320.0
[5, 11, 14, 20] 320.0
[5, 11, 15, 21] 320.0
[5, 11, 16, 22] 256.0
[5, 11, 17, 23] 192.0
[5, 11, 18, 24] 128.0
[5, 11, 19, 25] 64.0
[5, 12, 13, 20] 320.0
[5, 12, 14, 21] 320.0
[5, 12, 15, 22] 256.0
[5, 12, 16, 23] 192.0
[5, 12, 17, 24] 128.0
[5, 12, 18, 25] 64.0
[5, 13, 14, 22] 256.0
[5, 13, 15, 23] 192.0
[5, 13, 16, 24] 128.0
[5, 13, 17, 25] 64.0
[5, 14, 15, 24] 128.0
[5, 14, 16, 25] 64.0
[6, 7, 8, 9] 64.0
[6, 7, 9, 10] 64.0
[6, 7, 10, 11] 64.0
[6, 7, 11, 12] 64.0
[6, 7, 12, 13] 64.0
[6, 7, 13, 14] 64.0
[6, 7, 14, 15] 64.0
[6, 7, 15, 16] 64.0
[6, 7, 16, 17] 384.0
[6, 7, 17, 18] 384.0
[6, 7, 18, 19] 384.0
[6, 7, 19, 20] 384.0
[6, 7, 20, 21] 320.0
[6, 7, 21, 22] 256.0
[6, 7, 22, 23] 192.0
[6, 7, 23, 24] 128.0
[6, 7, 24, 25] 64.0
[6, 8, 9, 11] 64.0
[6, 8, 10, 12] 64.0
[6, 8, 11, 13] 64.0
[6, 8, 12, 14] 64.0
[6, 8, 13, 15] 64.0
[6, 8, 14, 16] 64.0
[6, 8, 15, 17] 384.0
[6, 8, 16, 18] 384.0
[6, 8, 17, 19] 384.0
[6, 8, 18, 20] 384.0
[6, 8, 19, 21] 320.0
[6, 8, 20, 22] 256.0
[6, 8, 21, 23] 192.0
[6, 8, 22, 24] 128.0
[6, 8, 23, 25] 64.0
[6, 9, 10, 13] 64.0
[6, 9, 11, 14] 64.0
[6, 9, 12, 15] 64.0
[6, 9, 13, 16] 64.0
[6, 9, 14, 17] 384.0
[6, 9, 15, 18] 384.0
[6, 9, 16, 19] 384.0
[6, 9, 17, 20] 384.0
[6, 9, 18, 21] 320.0
[6, 9, 19, 22] 256.0
[6, 9, 20, 23] 192.0
[6, 9, 21, 24] 128.0
[6, 9, 22, 25] 64.0
[6, 10, 11, 15] 64.0
[6, 10, 12, 16] 64.0
[6, 10, 13, 17] 384.0
[6, 10, 14, 18] 384.0
[6, 10, 15, 19] 384.0
[6, 10, 16, 20] 384.0
[6, 10, 17, 21] 320.0
[6, 10, 18, 22] 256.0
[6, 10, 19, 23] 192.0
[6, 10, 20, 24] 128.0
[6, 10, 21, 25] 64.0
[6, 11, 12, 17] 384.0
[6, 11, 13, 18] 384.0
[6, 11, 14, 19] 384.0
[6, 11, 15, 20] 384.0
[6, 11, 16, 21] 320.0
[6, 11, 17, 22] 256.0
[6, 11, 18, 23] 192.0
[6, 11, 19, 24] 128.0
[6, 11, 20, 25] 64.0
[6, 12, 13, 19] 384.0
[6, 12, 14, 20] 384.0
[6, 12, 15, 21] 320.0
[6, 12, 16, 22] 256.0
[6, 12, 17, 23] 192.0
[6, 12, 18, 24] 128.0
[6, 12, 19, 25] 64.0
[6, 13, 14, 21] 320.0
[6, 13, 15, 22] 256.0
[6, 13, 16, 23] 192.0
[6, 13, 17, 24] 128.0
[6, 13, 18, 25] 64.0
[6, 14, 15, 23] 192.0
[6, 14, 16, 24] 128.0
[6, 14, 17, 25] 64.0
[6, 15, 16, 25] 64.0
[7, 8, 9, 10] 64.0
[7, 8, 10, 11] 64.0
[7, 8, 11, 12] 64.0
[7, 8, 12, 13] 64.0
[7, 8, 13, 14] 64.0
[7, 8, 14, 15] 64.0
[7, 8, 15, 16] 64.0
[7, 8, 16, 17] 64.0
[7, 8, 17, 18] 448.0
[7, 8, 18, 19] 448.0
[7, 8, 19, 20] 384.0
[7, 8, 20, 21] 320.0
[7, 8, 21, 22] 256.0
[7, 8, 22, 23] 192.0
[7, 8, 23, 24] 128.0
[7, 8, 24, 25] 64.0
[7, 9, 10, 12] 64.0
[7, 9, 11, 13] 64.0
[7, 9, 12, 14] 64.0
[7, 9, 13, 15] 64.0
[7, 9, 14, 16] 64.0
[7, 9, 15, 17] 64.0
[7, 9, 16, 18] 448.0
[7, 9, 17, 19] 448.0
[7, 9, 18, 20] 384.0
[7, 9, 19, 21] 320.0
[7, 9, 20, 22] 256.0
[7, 9, 21, 23] 192.0
[7, 9, 22, 24] 128.0
[7, 9, 23, 25] 64.0
[7, 10, 11, 14] 64.0
[7, 10, 12, 15] 64.0
[7, 10, 13, 16] 64.0
[7, 10, 14, 17] 64.0
[7, 10, 15, 18] 448.0
[7, 10, 16, 19] 448.0
[7, 10, 17, 20] 384.0
[7, 10, 18, 21] 320.0
[7, 10, 19, 22] 256.0
[7, 10, 20, 23] 192.0
[7, 10, 21, 24] 128.0
[7, 10, 22, 25] 64.0
[7, 11, 12, 16] 64.0
[7, 11, 13, 17] 64.0
[7, 11, 14, 18] 448.0
[7, 11, 15, 19] 448.0
[7, 11, 16, 20] 384.0
[7, 11, 17, 21] 320.0
[7, 11, 18, 22] 256.0
[7, 11, 19, 23] 192.0
[7, 11, 20, 24] 128.0
[7, 11, 21, 25] 64.0
[7, 12, 13, 18] 448.0
[7, 12, 14, 19] 448.0
[7, 12, 15, 20] 384.0
[7, 12, 16, 21] 320.0
[7, 12, 17, 22] 256.0
[7, 12, 18, 23] 192.0
[7, 12, 19, 24] 128.0
[7, 12, 20, 25] 64.0
[7, 13, 14, 20] 384.0
[7, 13, 15, 21] 320.0
[7, 13, 16, 22] 256.0
[7, 13, 17, 23] 192.0
[7, 13, 18, 24] 128.0
[7, 13, 19, 25] 64.0
[7, 14, 15, 22] 256.0
[7, 14, 16, 23] 192.0
[7, 14, 17, 24] 128.0
[7, 14, 18, 25] 64.0
[7, 15, 16, 24] 128.0
[7, 15, 17, 25] 64.0
[8, 9, 10, 11] 64.0
[8, 9, 11, 12] 64.0
[8, 9, 12, 13] 64.0
[8, 9, 13, 14] 64.0
[8, 9, 14, 15] 64.0
[8, 9, 15, 16] 64.0
[8, 9, 16, 17] 64.0
[8, 9, 17, 18] 64.0
[8, 9, 18, 19] 448.0
[8, 9, 19, 20] 384.0
[8, 9, 20, 21] 320.0
[8, 9, 21, 22] 256.0
[8, 9, 22, 23] 192.0
[8, 9, 23, 24] 128.0
[8, 9, 24, 25] 64.0
[8, 10, 11, 13] 64.0
[8, 10, 12, 14] 64.0
[8, 10, 13, 15] 64.0
[8, 10, 14, 16] 64.0
[8, 10, 15, 17] 64.0
[8, 10, 16, 18] 64.0
[8, 10, 17, 19] 448.0
[8, 10, 18, 20] 384.0
[8, 10, 19, 21] 320.0
[8, 10, 20, 22] 256.0
[8, 10, 21, 23] 192.0
[8, 10, 22, 24] 128.0
[8, 10, 23, 25] 64.0
[8, 11, 12, 15] 64.0
[8, 11, 13, 16] 64.0
[8, 11, 14, 17] 64.0
[8, 11, 15, 18] 64.0
[8, 11, 16, 19] 448.0
[8, 11, 17, 20] 384.0
[8, 11, 18, 21] 320.0
[8, 11, 19, 22] 256.0
[8, 11, 20, 23] 192.0
[8, 11, 21, 24] 128.0
[8, 11, 22, 25] 64.0
[8, 12, 13, 17] 64.0
[8, 12, 14, 18] 64.0
[8, 12, 15, 19] 448.0
[8, 12, 16, 20] 384.0
[8, 12, 17, 21] 320.0
[8, 12, 18, 22] 256.0
[8, 12, 19, 23] 192.0
[8, 12, 20, 24] 128.0
[8, 12, 21, 25] 64.0
[8, 13, 14, 19] 448.0
[8, 13, 15, 20] 384.0
[8, 13, 16, 21] 320.0
[8, 13, 17, 22] 256.0
[8, 13, 18, 23] 192.0
[8, 13, 19, 24] 128.0
[8, 13, 20, 25] 64.0
[8, 14, 15, 21] 320.0
[8, 14, 16, 22] 256.0
[8, 14, 17, 23] 192.0
[8, 14, 18, 24] 128.0
[8, 14, 19, 25] 64.0
[8, 15, 16, 23] 192.0
[8, 15, 17, 24] 128.0
[8, 15, 18, 25] 64.0
[8, 16, 17, 25] 64.0
[9, 10, 11, 12] 64.0
[9, 10, 12, 13] 64.0
[9, 10, 13, 14] 64.0
[9, 10, 14, 15] 64.0
[9, 10, 15, 16] 64.0
[9, 10, 16, 17] 64.0
[9, 10, 17, 18] 64.0
[9, 10, 18, 19] 64.0
[9, 10, 19, 20] 384.0
[9, 10, 20, 21] 320.0
[9, 10, 21, 22] 256.0
[9, 10, 22, 23] 192.0
[9, 10, 23, 24] 128.0
[9, 10, 24, 25] 64.0
[9, 11, 12, 14] 64.0
[9, 11, 13, 15] 64.0
[9, 11, 14, 16] 64.0
[9, 11, 15, 17] 64.0
[9, 11, 16, 18] 64.0
[9, 11, 17, 19] 64.0
[9, 11, 18, 20] 384.0
[9, 11, 19, 21] 320.0
[9, 11, 20, 22] 256.0
[9, 11, 21, 23] 192.0
[9, 11, 22, 24] 128.0
[9, 11, 23, 25] 64.0
[9, 12, 13, 16] 64.0
[9, 12, 14, 17] 64.0
[9, 12, 15, 18] 64.0
[9, 12, 16, 19] 64.0
[9, 12, 17, 20] 384.0
[9, 12, 18, 21] 320.0
[9, 12, 19, 22] 256.0
[9, 12, 20, 23] 192.0
[9, 12, 21, 24] 128.0
[9, 12, 22, 25] 64.0
[9, 13, 14, 18] 64.0
[9, 13, 15, 19] 64.0
[9, 13, 16, 20] 384.0
[9, 13, 17, 21] 320.0
[9, 13, 18, 22] 256.0
[9, 13, 19, 23] 192.0
[9, 13, 20, 24] 128.0
[9, 13, 21, 25] 64.0
[9, 14, 15, 20] 384.0
[9, 14, 16, 21] 320.0
[9, 14, 17, 22] 256.0
[9, 14, 18, 23] 192.0
[9, 14, 19, 24] 128.0
[9, 14, 20, 25] 64.0
[9, 15, 16, 22] 256.0
[9, 15, 17, 23] 192.0
[9, 15, 18, 24] 128.0
[9, 15, 19, 25] 64.0
[9, 16, 17, 24] 128.0
[9, 16, 18, 25] 64.0
[10, 11, 12, 13] 64.0
[10, 11, 13, 14] 64.0
[10, 11, 14, 15] 64.0
[10, 11, 15, 16] 64.0
[10, 11, 16, 17] 64.0
[10, 11, 17, 18] 64.0
[10, 11, 18, 19] 64.0
[10, 11, 19, 20] 64.0
[10, 11, 20, 21] 320.0
[10, 11, 21, 22] 256.0
[10, 11, 22, 23] 192.0
[10, 11, 23, 24] 128.0
[10, 11, 24, 25] 64.0
[10, 12, 13, 15] 64.0
[10, 12, 14, 16] 64.0
[10, 12, 15, 17] 64.0
[10, 12, 16, 18] 64.0
[10, 12, 17, 19] 64.0
[10, 12, 18, 20] 64.0
[10, 12, 19, 21] 320.0
[10, 12, 20, 22] 256.0
[10, 12, 21, 23] 192.0
[10, 12, 22, 24] 128.0
[10, 12, 23, 25] 64.0
[10, 13, 14, 17] 64.0
[10, 13, 15, 18] 64.0
[10, 13, 16, 19] 64.0
[10, 13, 17, 20] 64.0
[10, 13, 18, 21] 320.0
[10, 13, 19, 22] 256.0
[10, 13, 20, 23] 192.0
[10, 13, 21, 24] 128.0
[10, 13, 22, 25] 64.0
[10, 14, 15, 19] 64.0
[10, 14, 16, 20] 64.0
[10, 14, 17, 21] 320.0
[10, 14, 18, 22] 256.0
[10, 14, 19, 23] 192.0
[10, 14, 20, 24] 128.0
[10, 14, 21, 25] 64.0
[10, 15, 16, 21] 320.0
[10, 15, 17, 22] 256.0
[10, 15, 18, 23] 192.0
[10, 15, 19, 24] 128.0
[10, 15, 20, 25] 64.0
[10, 16, 17, 23] 192.0
[10, 16, 18, 24] 128.0
[10, 16, 19, 25] 64.0
[10, 17, 18, 25] 64.0
[11, 12, 13, 14] 64.0
[11, 12, 14, 15] 64.0
[11, 12, 15, 16] 64.0
[11, 12, 16, 17] 64.0
[11, 12, 17, 18] 64.0
[11, 12, 18, 19] 64.0
[11, 12, 19, 20] 64.0
[11, 12, 20, 21] 64.0
[11, 12, 21, 22] 256.0
[11, 12, 22, 23] 192.0
[11, 12, 23, 24] 128.0
[11, 12, 24, 25] 64.0
[11, 13, 14, 16] 64.0
[11, 13, 15, 17] 64.0
[11, 13, 16, 18] 64.0
[11, 13, 17, 19] 64.0
[11, 13, 18, 20] 64.0
[11, 13, 19, 21] 64.0
[11, 13, 20, 22] 256.0
[11, 13, 21, 23] 192.0
[11, 13, 22, 24] 128.0
[11, 13, 23, 25] 64.0
[11, 14, 15, 18] 64.0
[11, 14, 16, 19] 64.0
[11, 14, 17, 20] 64.0
[11, 14, 18, 21] 64.0
[11, 14, 19, 22] 256.0
[11, 14, 20, 23] 192.0
[11, 14, 21, 24] 128.0
[11, 14, 22, 25] 64.0
[11, 15, 16, 20] 64.0
[11, 15, 17, 21] 64.0
[11, 15, 18, 22] 256.0
[11, 15, 19, 23] 192.0
[11, 15, 20, 24] 128.0
[11, 15, 21, 25] 64.0
[11, 16, 17, 22] 256.0
[11, 16, 18, 23] 192.0
[11, 16, 19, 24] 128.0
[11, 16, 20, 25] 64.0
[11, 17, 18, 24] 128.0
[11, 17, 19, 25] 64.0
[12, 13, 14, 15] 64.0
[12, 13, 15, 16] 64.0
[12, 13, 16, 17] 64.0
[12, 13, 17, 18] 64.0
[12, 13, 18, 19] 64.0
[12, 13, 19, 20] 64.0
[12, 13, 20, 21] 64.0
[12, 13, 21, 22] 64.0
[12, 13, 22, 23] 192.0
[12, 13, 23, 24] 128.0
[12, 13, 24, 25] 64.0
[12, 14, 15, 17] 64.0
[12, 14, 16, 18] 64.0
[12, 14, 17, 19] 64.0
[12, 14, 18, 20] 64.0
[12, 14, 19, 21] 64.0
[12, 14, 20, 22] 64.0
[12, 14, 21, 23] 192.0
[12, 14, 22, 24] 128.0
[12, 14, 23, 25] 64.0
[12, 15, 16, 19] 64.0
[12, 15, 17, 20] 64.0
[12, 15, 18, 21] 64.0
[12, 15, 19, 22] 64.0
[12, 15, 20, 23] 192.0
[12, 15, 21, 24] 128.0
[12, 15, 22, 25] 64.0
[12, 16, 17, 21] 64.0
[12, 16, 18, 22] 64.0
[12, 16, 19, 23] 192.0
[12, 16, 20, 24] 128.0
[12, 16, 21, 25] 64.0
[12, 17, 18, 23] 192.0
[12, 17, 19, 24] 128.0
[12, 17, 20, 25] 64.0
[12, 18, 19, 25] 64.0
[13, 14, 15, 16] 64.0
[13, 14, 16, 17] 64.0
[13, 14, 17, 18] 64.0
[13, 14, 18, 19] 64.0
[13, 14, 19, 20] 64.0
[13, 14, 20, 21] 64.0
[13, 14, 21, 22] 64.0
[13, 14, 22, 23] 64.0
[13, 14, 23, 24] 128.0
[13, 14, 24, 25] 64.0
[13, 15, 16, 18] 64.0
[13, 15, 17, 19] 64.0
[13, 15, 18, 20] 64.0
[13, 15, 19, 21] 64.0
[13, 15, 20, 22] 64.0
[13, 15, 21, 23] 64.0
[13, 15, 22, 24] 128.0
[13, 15, 23, 25] 64.0
[13, 16, 17, 20] 64.0
[13, 16, 18, 21] 64.0
[13, 16, 19, 22] 64.0
[13, 16, 20, 23] 64.0
[13, 16, 21, 24] 128.0
[13, 16, 22, 25] 64.0
[13, 17, 18, 22] 64.0
[13, 17, 19, 23] 64.0
[13, 17, 20, 24] 128.0
[13, 17, 21, 25] 64.0
[13, 18, 19, 24] 128.0
[13, 18, 20, 25] 64.0
[14, 15, 16, 17] 64.0
[14, 15, 17, 18] 64.0
[14, 15, 18, 19] 64.0
[14, 15, 19, 20] 64.0
[14, 15, 20, 21] 64.0
[14, 15, 21, 22] 64.0
[14, 15, 22, 23] 64.0
[14, 15, 23, 24] 64.0
[14, 15, 24, 25] 64.0
[14, 16, 17, 19] 64.0
[14, 16, 18, 20] 64.0
[14, 16, 19, 21] 64.0
[14, 16, 20, 22] 64.0
[14, 16, 21, 23] 64.0
[14, 16, 22, 24] 64.0
[14, 16, 23, 25] 64.0
[14, 17, 18, 21] 64.0
[14, 17, 19, 22] 64.0
[14, 17, 20, 23] 64.0
[14, 17, 21, 24] 64.0
[14, 17, 22, 25] 64.0
[14, 18, 19, 23] 64.0
[14, 18, 20, 24] 64.0
[14, 18, 21, 25] 64.0
[14, 19, 20, 25] 64.0
[15, 16, 17, 18] 64.0
[15, 16, 18, 19] 64.0
[15, 16, 19, 20] 64.0
[15, 16, 20, 21] 64.0
[15, 16, 21, 22] 64.0
[15, 16, 22, 23] 64.0
[15, 16, 23, 24] 64.0
[15, 16, 24, 25] 64.0
[15, 17, 18, 20] 64.0
[15, 17, 19, 21] 64.0
[15, 17, 20, 22] 64.0
[15, 17, 21, 23] 64.0
[15, 17, 22, 24] 64.0
[15, 17, 23, 25] 64.0
[15, 18, 19, 22] 64.0
[15, 18, 20, 23] 64.0
[15, 18, 21, 24] 64.0
[15, 18, 22, 25] 64.0
[15, 19, 20, 24] 64.0
[15, 19, 21, 25] 64.0
[16, 17, 18, 19] 64.0
[16, 17, 19, 20] 64.0
[16, 17, 20, 21] 64.0
[16, 17, 21, 22] 64.0
[16, 17, 22, 23] 64.0
[16, 17, 23, 24] 64.0
[16, 17, 24, 25] 64.0
[16, 18, 19, 21] 64.0
[16, 18, 20, 22] 64.0
[16, 18, 21, 23] 64.0
[16, 18, 22, 24] 64.0
[16, 18, 23, 25] 64.0
[16, 19, 20, 23] 64.0
[16, 19, 21, 24] 64.0
[16, 19, 22, 25] 64.0
[16, 20, 21, 25] 64.0
[17, 18, 19, 20] 64.0
[17, 18, 20, 21] 64.0
[17, 18, 21, 22] 64.0
[17, 18, 22, 23] 64.0
[17, 18, 23, 24] 64.0
[17, 18, 24, 25] 64.0
[17, 19, 20, 22] 64.0
[17, 19, 21, 23] 64.0
[17, 19, 22, 24] 64.0
[17, 19, 23, 25] 64.0
[17, 20, 21, 24] 64.0
[17, 20, 22, 25] 64.0
[18, 19, 20, 21] 64.0
[18, 19, 21, 22] 64.0
[18, 19, 22, 23] 64.0
[18, 19, 23, 24] 64.0
[18, 19, 24, 25] 64.0
[18, 20, 21, 23] 64.0
[18, 20, 22, 24] 64.0
[18, 20, 23, 25] 64.0
[18, 21, 22, 25] 64.0
[19, 20, 21, 22] 64.0
[19, 20, 22, 23] 64.0
[19, 20, 23, 24] 64.0
[19, 20, 24, 25] 64.0
[19, 21, 22, 24] 64.0
[19, 21, 23, 25] 64.0
[20, 21, 22, 23] 64.0
[20, 21, 23, 24] 64.0
[20, 21, 24, 25] 64.0
[20, 22, 23, 25] 64.0
[21, 22, 23, 24] 64.0
[21, 22, 24, 25] 64.0
[22, 23, 24, 25] 64.0
[1, 2, 3] -32.0
[1, 2, 4] -64.0
[1, 2, 5] -64.0
[1, 2, 6] -64.0
[1, 2, 7] -64.0
[1, 2, 8] -64.0
[1, 2, 9] -64.0
[1, 2, 10] -64.0
[1, 2, 11] -64.0
[1, 2, 12] -64.0
[1, 2, 13] -64.0
[1, 2, 14] -64.0
[1, 2, 15] -64.0
[1, 2, 16] -64.0
[1, 2, 17] -64.0
[1, 2, 18] -64.0
[1, 2, 19] -64.0
[1, 2, 20] -64.0
[1, 2, 21] -64.0
[1, 2, 22] -64.0
[1, 2, 23] -64.0
[1, 2, 24] -64.0
[1, 2, 25] -32.0
[1, 3, 4] -64.0
[1, 3, 5] -32.0
[1, 3, 6] -64.0
[1, 3, 7] -64.0
[1, 3, 8] -64.0
[1, 3, 9] -64.0
[1, 3, 10] -64.0
[1, 3, 11] -64.0
[1, 3, 12] -64.0
[1, 3, 13] -64.0
[1, 3, 14] -64.0
[1, 3, 15] -64.0
[1, 3, 16] -64.0
[1, 3, 17] -64.0
[1, 3, 18] -64.0
[1, 3, 19] -64.0
[1, 3, 20] -64.0
[1, 3, 21] -64.0
[1, 3, 22] -64.0
[1, 3, 23] -64.0
[1, 3, 24] -32.0
[1, 3, 25] -32.0
[1, 4, 5] -64.0
[1, 4, 6] -64.0
[1, 4, 7] -32.0
[1, 4, 8] -64.0
[1, 4, 9] -64.0
[1, 4, 10] -64.0
[1, 4, 11] -64.0
[1, 4, 12] -64.0
[1, 4, 13] -64.0
[1, 4, 14] -64.0
[1, 4, 15] -64.0
[1, 4, 16] -64.0
[1, 4, 17] -64.0
[1, 4, 18] -64.0
[1, 4, 19] -64.0
[1, 4, 20] -64.0
[1, 4, 21] -64.0
[1, 4, 22] -64.0
[1, 4, 23] -32.0
[1, 4, 24] -32.0
[1, 4, 25] -32.0
[1, 5, 6] -64.0
[1, 5, 7] -64.0
[1, 5, 8] -64.0
[1, 5, 9] -32.0
[1, 5, 10] -64.0
[1, 5, 11] -64.0
[1, 5, 12] -64.0
[1, 5, 13] -64.0
[1, 5, 14] -64.0
[1, 5, 15] -64.0
[1, 5, 16] -64.0
[1, 5, 17] -64.0
[1, 5, 18] -64.0
[1, 5, 19] -64.0
[1, 5, 20] -64.0
[1, 5, 21] -64.0
[1, 5, 22] -32.0
[1, 5, 23] -32.0
[1, 5, 24] -32.0
[1, 5, 25] -32.0
[1, 6, 7] -64.0
[1, 6, 8] -64.0
[1, 6, 9] -64.0
[1, 6, 10] -64.0
[1, 6, 11] -32.0
[1, 6, 12] -64.0
[1, 6, 13] -64.0
[1, 6, 14] -64.0
[1, 6, 15] -64.0
[1, 6, 16] -64.0
[1, 6, 17] -64.0
[1, 6, 18] -64.0
[1, 6, 19] -64.0
[1, 6, 20] -64.0
[1, 6, 21] -32.0
[1, 6, 22] -32.0
[1, 6, 23] -32.0
[1, 6, 24] -32.0
[1, 6, 25] -32.0
[1, 7, 8] -64.0
[1, 7, 9] -64.0
[1, 7, 10] -64.0
[1, 7, 11] -64.0
[1, 7, 12] -64.0
[1, 7, 13] -32.0
[1, 7, 14] -64.0
[1, 7, 15] -64.0
[1, 7, 16] -64.0
[1, 7, 17] -64.0
[1, 7, 18] -64.0
[1, 7, 19] -64.0
[1, 7, 20] -32.0
[1, 7, 21] -32.0
[1, 7, 22] -32.0
[1, 7, 23] -32.0
[1, 7, 24] -32.0
[1, 7, 25] -32.0
[1, 8, 9] -64.0
[1, 8, 10] -64.0
[1, 8, 11] -64.0
[1, 8, 12] -64.0
[1, 8, 13] -64.0
[1, 8, 14] -64.0
[1, 8, 15] -32.0
[1, 8, 16] -64.0
[1, 8, 17] -64.0
[1, 8, 18] -64.0
[1, 8, 19] -32.0
[1, 8, 20] -32.0
[1, 8, 21] -32.0
[1, 8, 22] -32.0
[1, 8, 23] -32.0
[1, 8, 24] -32.0
[1, 8, 25] -32.0
[1, 9, 10] -64.0
[1, 9, 11] -64.0
[1, 9, 12] -64.0
[1, 9, 13] -64.0
[1, 9, 14] -64.0
[1, 9, 15] -64.0
[1, 9, 16] -64.0
[1, 9, 17] -32.0
[1, 9, 18] -32.0
[1, 9, 19] -32.0
[1, 9, 20] -32.0
[1, 9, 21] -32.0
[1, 9, 22] -32.0
[1, 9, 23] -32.0
[1, 9, 24] -32.0
[1, 9, 25] -32.0
[1, 10, 11] -64.0
[1, 10, 12] -64.0
[1, 10, 13] -64.0
[1, 10, 14] -64.0
[1, 10, 15] -64.0
[1, 10, 16] -64.0
[1, 10, 17] -32.0
[1, 10, 18] -32.0
[1, 10, 20] -32.0
[1, 10, 21] -32.0
[1, 10, 22] -32.0
[1, 10, 23] -32.0
[1, 10, 24] -32.0
[1, 10, 25] -32.0
[1, 11, 12] -64.0
[1, 11, 13] -64.0
[1, 11, 14] -64.0
[1, 11, 15] -64.0
[1, 11, 16] -32.0
[1, 11, 17] -32.0
[1, 11, 18] -32.0
[1, 11, 19] -32.0
[1, 11, 20] -32.0
[1, 11, 22] -32.0
[1, 11, 23] -32.0
[1, 11, 24] -32.0
[1, 11, 25] -32.0
[1, 12, 13] -64.0
[1, 12, 14] -64.0
[1, 12, 15] -32.0
[1, 12, 16] -32.0
[1, 12, 17] -32.0
[1, 12, 18] -32.0
[1, 12, 19] -32.0
[1, 12, 20] -32.0
[1, 12, 21] -32.0
[1, 12, 22] -32.0
[1, 12, 24] -32.0
[1, 12, 25] -32.0
[1, 13, 14] -32.0
[1, 13, 15] -32.0
[1, 13, 16] -32.0
[1, 13, 17] -32.0
[1, 13, 18] -32.0
[1, 13, 19] -32.0
[1, 13, 20] -32.0
[1, 13, 21] -32.0
[1, 13, 22] -32.0
[1, 13, 23] -32.0
[1, 13, 24] -32.0
[1, 14, 15] -32.0
[1, 14, 16] -32.0
[1, 14, 17] -32.0
[1, 14, 18] -32.0
[1, 14, 19] -32.0
[1, 14, 20] -32.0
[1, 14, 21] -32.0
[1, 14, 22] -32.0
[1, 14, 23] -32.0
[1, 14, 24] -32.0
[1, 14, 25] -32.0
[1, 15, 16] -32.0
[1, 15, 17] -32.0
[1, 15, 18] -32.0
[1, 15, 19] -32.0
[1, 15, 20] -32.0
[1, 15, 21] -32.0
[1, 15, 22] -32.0
[1, 15, 23] -32.0
[1, 15, 24] -32.0
[1, 15, 25] -32.0
[1, 16, 17] -32.0
[1, 16, 18] -32.0
[1, 16, 19] -32.0
[1, 16, 20] -32.0
[1, 16, 21] -32.0
[1, 16, 22] -32.0
[1, 16, 23] -32.0
[1, 16, 24] -32.0
[1, 16, 25] -32.0
[1, 17, 18] -32.0
[1, 17, 19] -32.0
[1, 17, 20] -32.0
[1, 17, 21] -32.0
[1, 17, 22] -32.0
[1, 17, 23] -32.0
[1, 17, 24] -32.0
[1, 17, 25] -32.0
[1, 18, 19] -32.0
[1, 18, 20] -32.0
[1, 18, 21] -32.0
[1, 18, 22] -32.0
[1, 18, 23] -32.0
[1, 18, 24] -32.0
[1, 18, 25] -32.0
[1, 19, 20] -32.0
[1, 19, 21] -32.0
[1, 19, 22] -32.0
[1, 19, 23] -32.0
[1, 19, 24] -32.0
[1, 19, 25] -32.0
[1, 20, 21] -32.0
[1, 20, 22] -32.0
[1, 20, 23] -32.0
[1, 20, 24] -32.0
[1, 20, 25] -32.0
[1, 21, 22] -32.0
[1, 21, 23] -32.0
[1, 21, 24] -32.0
[1, 21, 25] -32.0
[1, 22, 23] -32.0
[1, 22, 24] -32.0
[1, 22, 25] -32.0
[1, 23, 24] -32.0
[1, 23, 25] -32.0
[1, 24, 25] -32.0
[2, 3, 4] -64.0
[2, 3, 5] -64.0
[2, 3, 6] -64.0
[2, 3, 7] -64.0
[2, 3, 8] -64.0
[2, 3, 9] -64.0
[2, 3, 10] -64.0
[2, 3, 11] -64.0
[2, 3, 12] -96.0
[2, 3, 13] -128.0
[2, 3, 14] -128.0
[2, 3, 15] -128.0
[2, 3, 16] -128.0
[2, 3, 17] -128.0
[2, 3, 18] -128.0
[2, 3, 19] -128.0
[2, 3, 20] -128.0
[2, 3, 21] -128.0
[2, 3, 22] -128.0
[2, 3, 23] -128.0
[2, 3, 24] -96.0
[2, 3, 25] -32.0
[2, 4, 5] -96.0
[2, 4, 6] -32.0
[2, 4, 7] -64.0
[2, 4, 8] -64.0
[2, 4, 9] -64.0
[2, 4, 10] -64.0
[2, 4, 11] -96.0
[2, 4, 12] -96.0
[2, 4, 13] -128.0
[2, 4, 14] -128.0
[2, 4, 15] -128.0
[2, 4, 16] -128.0
[2, 4, 17] -128.0
[2, 4, 18] -128.0
[2, 4, 19] -128.0
[2, 4, 20] -128.0
[2, 4, 21] -128.0
[2, 4, 22] -128.0
[2, 4, 23] -96.0
[2, 4, 24] -64.0
[2, 4, 25] -32.0
[2, 5, 6] -96.0
[2, 5, 7] -64.0
[2, 5, 8] -32.0
[2, 5, 9] -64.0
[2, 5, 10] -96.0
[2, 5, 11] -96.0
[2, 5, 12] -96.0
[2, 5, 13] -128.0
[2, 5, 14] -128.0
[2, 5, 15] -128.0
[2, 5, 16] -128.0
[2, 5, 17] -128.0
[2, 5, 18] -128.0
[2, 5, 19] -128.0
[2, 5, 20] -128.0
[2, 5, 21] -128.0
[2, 5, 22] -96.0
[2, 5, 23] -64.0
[2, 5, 24] -64.0
[2, 5, 25] -32.0
[2, 6, 7] -96.0
[2, 6, 8] -64.0
[2, 6, 9] -96.0
[2, 6, 10] -64.0
[2, 6, 11] -96.0
[2, 6, 12] -96.0
[2, 6, 13] -128.0
[2, 6, 14] -128.0
[2, 6, 15] -128.0
[2, 6, 16] -128.0
[2, 6, 17] -128.0
[2, 6, 18] -128.0
[2, 6, 19] -128.0
[2, 6, 20] -128.0
[2, 6, 21] -96.0
[2, 6, 22] -64.0
[2, 6, 23] -64.0
[2, 6, 24] -64.0
[2, 6, 25] -32.0
[2, 7, 8] -128.0
[2, 7, 9] -96.0
[2, 7, 10] -96.0
[2, 7, 11] -96.0
[2, 7, 12] -64.0
[2, 7, 13] -128.0
[2, 7, 14] -128.0
[2, 7, 15] -128.0
[2, 7, 16] -128.0
[2, 7, 17] -128.0
[2, 7, 18] -128.0
[2, 7, 19] -128.0
[2, 7, 20] -96.0
[2, 7, 21] -64.0
[2, 7, 22] -64.0
[2, 7, 23] -64.0
[2, 7, 24] -64.0
[2, 7, 25] -32.0
[2, 8, 9] -128.0
[2, 8, 10] -96.0
[2, 8, 11] -96.0
[2, 8, 12] -96.0
[2, 8, 13] -128.0
[2, 8, 14] -64.0
[2, 8, 15] -128.0
[2, 8, 16] -128.0
[2, 8, 17] -128.0
[2, 8, 18] -128.0
[2, 8, 19] -96.0
[2, 8, 20] -64.0
[2, 8, 21] -64.0
[2, 8, 22] -64.0
[2, 8, 23] -64.0
[2, 8, 24] -64.0
[2, 8, 25] -32.0
[2, 9, 10] -128.0
[2, 9, 11] -96.0
[2, 9, 12] -96.0
[2, 9, 13] -128.0
[2, 9, 14] -128.0
[2, 9, 15] -128.0
[2, 9, 16] -64.0
[2, 9, 17] -128.0
[2, 9, 18] -96.0
[2, 9, 19] -64.0
[2, 9, 20] -64.0
[2, 9, 21] -64.0
[2, 9, 22] -64.0
[2, 9, 23] -64.0
[2, 9, 24] -64.0
[2, 9, 25] -32.0
[2, 10, 11] -128.0
[2, 10, 12] -96.0
[2, 10, 13] -128.0
[2, 10, 14] -128.0
[2, 10, 15] -128.0
[2, 10, 16] -128.0
[2, 10, 17] -96.0
[2, 10, 19] -64.0
[2, 10, 20] -64.0
[2, 10, 21] -64.0
[2, 10, 22] -64.0
[2, 10, 23] -64.0
[2, 10, 24] -64.0
[2, 10, 25] -32.0
[2, 11, 12] -128.0
[2, 11, 13] -128.0
[2, 11, 14] -128.0
[2, 11, 15] -128.0
[2, 11, 16] -96.0
[2, 11, 17] -64.0
[2, 11, 18] -64.0
[2, 11, 19] -64.0
[2, 11, 21] -64.0
[2, 11, 22] -64.0
[2, 11, 23] -64.0
[2, 11, 24] -64.0
[2, 11, 25] -32.0
[2, 12, 13] -160.0
[2, 12, 14] -128.0
[2, 12, 15] -96.0
[2, 12, 16] -64.0
[2, 12, 17] -64.0
[2, 12, 18] -64.0
[2, 12, 19] -64.0
[2, 12, 20] -64.0
[2, 12, 21] -64.0
[2, 12, 23] -64.0
[2, 12, 24] -64.0
[2, 12, 25] -32.0
[2, 13, 14] -128.0
[2, 13, 15] -64.0
[2, 13, 16] -64.0
[2, 13, 17] -64.0
[2, 13, 18] -64.0
[2, 13, 19] -64.0
[2, 13, 20] -64.0
[2, 13, 21] -64.0
[2, 13, 22] -64.0
[2, 13, 23] -64.0
[2, 13, 25] -32.0
[2, 14, 15] -96.0
[2, 14, 16] -64.0
[2, 14, 17] -64.0
[2, 14, 18] -64.0
[2, 14, 19] -64.0
[2, 14, 20] -64.0
[2, 14, 21] -64.0
[2, 14, 22] -64.0
[2, 14, 23] -64.0
[2, 14, 24] -64.0
[2, 14, 25] -32.0
[2, 15, 16] -96.0
[2, 15, 17] -64.0
[2, 15, 18] -64.0
[2, 15, 19] -64.0
[2, 15, 20] -64.0
[2, 15, 21] -64.0
[2, 15, 22] -64.0
[2, 15, 23] -64.0
[2, 15, 24] -64.0
[2, 15, 25] -32.0
[2, 16, 17] -96.0
[2, 16, 18] -64.0
[2, 16, 19] -64.0
[2, 16, 20] -64.0
[2, 16, 21] -64.0
[2, 16, 22] -64.0
[2, 16, 23] -64.0
[2, 16, 24] -64.0
[2, 16, 25] -32.0
[2, 17, 18] -96.0
[2, 17, 19] -64.0
[2, 17, 20] -64.0
[2, 17, 21] -64.0
[2, 17, 22] -64.0
[2, 17, 23] -64.0
[2, 17, 24] -64.0
[2, 17, 25] -32.0
[2, 18, 19] -96.0
[2, 18, 20] -64.0
[2, 18, 21] -64.0
[2, 18, 22] -64.0
[2, 18, 23] -64.0
[2, 18, 24] -64.0
[2, 18, 25] -32.0
[2, 19, 20] -96.0
[2, 19, 21] -64.0
[2, 19, 22] -64.0
[2, 19, 23] -64.0
[2, 19, 24] -64.0
[2, 19, 25] -32.0
[2, 20, 21] -96.0
[2, 20, 22] -64.0
[2, 20, 23] -64.0
[2, 20, 24] -64.0
[2, 20, 25] -32.0
[2, 21, 22] -96.0
[2, 21, 23] -64.0
[2, 21, 24] -64.0
[2, 21, 25] -32.0
[2, 22, 23] -96.0
[2, 22, 24] -64.0
[2, 22, 25] -32.0
[2, 23, 24] -96.0
[2, 23, 25] -32.0
[2, 24, 25] -64.0
[3, 4, 5] -64.0
[3, 4, 6] -96.0
[3, 4, 7] -64.0
[3, 4, 8] -64.0
[3, 4, 9] -64.0
[3, 4, 10] -64.0
[3, 4, 11] -64.0
[3, 4, 12] -64.0
[3, 4, 13] -128.0
[3, 4, 14] -192.0
[3, 4, 15] -192.0
[3, 4, 16] -192.0
[3, 4, 17] -192.0
[3, 4, 18] -192.0
[3, 4, 19] -192.0
[3, 4, 20] -192.0
[3, 4, 21] -192.0
[3, 4, 22] -192.0
[3, 4, 23] -160.0
[3, 4, 24] -96.0
[3, 4, 25] -32.0
[3, 5, 6] -96.0
[3, 5, 7] -64.0
[3, 5, 8] -64.0
[3, 5, 9] -64.0
[3, 5, 10] -64.0
[3, 5, 11] -64.0
[3, 5, 12] -128.0
[3, 5, 13] -128.0
[3, 5, 14] -192.0
[3, 5, 15] -192.0
[3, 5, 16] -192.0
[3, 5, 17] -192.0
[3, 5, 18] -192.0
[3, 5, 19] -192.0
[3, 5, 20] -192.0
[3, 5, 21] -192.0
[3, 5, 22] -160.0
[3, 5, 23] -128.0
[3, 5, 24] -64.0
[3, 5, 25] -32.0
[3, 6, 7] -96.0
[3, 6, 8] -96.0
[3, 6, 9] -32.0
[3, 6, 10] -64.0
[3, 6, 11] -128.0
[3, 6, 12] -128.0
[3, 6, 13] -128.0
[3, 6, 14] -192.0
[3, 6, 15] -192.0
[3, 6, 16] -192.0
[3, 6, 17] -192.0
[3, 6, 18] -192.0
[3, 6, 19] -192.0
[3, 6, 20] -192.0
[3, 6, 21] -160.0
[3, 6, 22] -128.0
[3, 6, 23] -96.0
[3, 6, 24] -64.0
[3, 6, 25] -32.0
[3, 7, 8] -96.0
[3, 7, 9] -96.0
[3, 7, 10] -128.0
[3, 7, 11] -96.0
[3, 7, 12] -128.0
[3, 7, 13] -128.0
[3, 7, 14] -192.0
[3, 7, 15] -192.0
[3, 7, 16] -192.0
[3, 7, 17] -192.0
[3, 7, 18] -192.0
[3, 7, 19] -192.0
[3, 7, 20] -160.0
[3, 7, 21] -128.0
[3, 7, 22] -96.0
[3, 7, 23] -96.0
[3, 7, 24] -64.0
[3, 7, 25] -32.0
[3, 8, 9] -160.0
[3, 8, 10] -160.0
[3, 8, 11] -128.0
[3, 8, 12] -128.0
[3, 8, 13] -96.0
[3, 8, 14] -192.0
[3, 8, 15] -192.0
[3, 8, 16] -192.0
[3, 8, 17] -192.0
[3, 8, 18] -192.0
[3, 8, 19] -160.0
[3, 8, 20] -128.0
[3, 8, 21] -96.0
[3, 8, 22] -96.0
[3, 8, 23] -96.0
[3, 8, 24] -64.0
[3, 8, 25] -32.0
[3, 9, 10] -160.0
[3, 9, 11] -160.0
[3, 9, 12] -128.0
[3, 9, 13] -128.0
[3, 9, 14] -192.0
[3, 9, 15] -96.0
[3, 9, 16] -192.0
[3, 9, 17] -192.0
[3, 9, 18] -160.0
[3, 9, 19] -128.0
[3, 9, 20] -96.0
[3, 9, 21] -96.0
[3, 9, 22] -96.0
[3, 9, 23] -96.0
[3, 9, 24] -64.0
[3, 9, 25] -32.0
[3, 10, 11] -160.0
[3, 10, 12] -160.0
[3, 10, 13] -128.0
[3, 10, 14] -192.0
[3, 10, 15] -192.0
[3, 10, 16] -192.0
[3, 10, 17] -64.0
[3, 10, 18] -128.0
[3, 10, 19] -96.0
[3, 10, 20] -96.0
[3, 10, 21] -96.0
[3, 10, 22] -96.0
[3, 10, 23] -96.0
[3, 10, 24] -64.0
[3, 10, 25] -32.0
[3, 11, 12] -160.0
[3, 11, 13] -160.0
[3, 11, 14] -192.0
[3, 11, 15] -192.0
[3, 11, 16] -160.0
[3, 11, 17] -128.0
[3, 11, 18] -96.0
[3, 11, 20] -96.0
[3, 11, 21] -96.0
[3, 11, 22] -96.0
[3, 11, 23] -96.0
[3, 11, 24] -64.0
[3, 11, 25] -32.0
[3, 12, 13] -192.0
[3, 12, 14] -224.0
[3, 12, 15] -160.0
[3, 12, 16] -128.0
[3, 12, 17] -96.0
[3, 12, 18] -96.0
[3, 12, 19] -96.0
[3, 12, 20] -96.0
[3, 12, 22] -96.0
[3, 12, 23] -96.0
[3, 12, 24] -64.0
[3, 12, 25] -32.0
[3, 13, 14] -224.0
[3, 13, 15] -160.0
[3, 13, 16] -96.0
[3, 13, 17] -96.0
[3, 13, 18] -96.0
[3, 13, 19] -96.0
[3, 13, 20] -96.0
[3, 13, 21] -96.0
[3, 13, 22] -96.0
[3, 13, 24] -64.0
[3, 13, 25] -32.0
[3, 14, 15] -160.0
[3, 14, 16] -128.0
[3, 14, 17] -96.0
[3, 14, 18] -96.0
[3, 14, 19] -96.0
[3, 14, 20] -96.0
[3, 14, 21] -96.0
[3, 14, 22] -96.0
[3, 14, 23] -96.0
[3, 14, 24] -64.0
[3, 15, 16] -160.0
[3, 15, 17] -128.0
[3, 15, 18] -96.0
[3, 15, 19] -96.0
[3, 15, 20] -96.0
[3, 15, 21] -96.0
[3, 15, 22] -96.0
[3, 15, 23] -96.0
[3, 15, 24] -64.0
[3, 15, 25] -32.0
[3, 16, 17] -160.0
[3, 16, 18] -128.0
[3, 16, 19] -96.0
[3, 16, 20] -96.0
[3, 16, 21] -96.0
[3, 16, 22] -96.0
[3, 16, 23] -96.0
[3, 16, 24] -64.0
[3, 16, 25] -32.0
[3, 17, 18] -160.0
[3, 17, 19] -128.0
[3, 17, 20] -96.0
[3, 17, 21] -96.0
[3, 17, 22] -96.0
[3, 17, 23] -96.0
[3, 17, 24] -64.0
[3, 17, 25] -32.0
[3, 18, 19] -160.0
[3, 18, 20] -128.0
[3, 18, 21] -96.0
[3, 18, 22] -96.0
[3, 18, 23] -96.0
[3, 18, 24] -64.0
[3, 18, 25] -32.0
[3, 19, 20] -160.0
[3, 19, 21] -128.0
[3, 19, 22] -96.0
[3, 19, 23] -96.0
[3, 19, 24] -64.0
[3, 19, 25] -32.0
[3, 20, 21] -160.0
[3, 20, 22] -128.0
[3, 20, 23] -96.0
[3, 20, 24] -64.0
[3, 20, 25] -32.0
[3, 21, 22] -160.0
[3, 21, 23] -128.0
[3, 21, 24] -64.0
[3, 21, 25] -32.0
[3, 22, 23] -160.0
[3, 22, 24] -96.0
[3, 22, 25] -32.0
[3, 23, 24] -128.0
[3, 23, 25] -64.0
[3, 24, 25] -64.0
[4, 5, 6] -64.0
[4, 5, 7] -96.0
[4, 5, 8] -96.0
[4, 5, 9] -64.0
[4, 5, 10] -64.0
[4, 5, 11] -64.0
[4, 5, 12] -64.0
[4, 5, 13] -64.0
[4, 5, 14] -160.0
[4, 5, 15] -256.0
[4, 5, 16] -256.0
[4, 5, 17] -256.0
[4, 5, 18] -256.0
[4, 5, 19] -256.0
[4, 5, 20] -256.0
[4, 5, 21] -256.0
[4, 5, 22] -224.0
[4, 5, 23] -160.0
[4, 5, 24] -96.0
[4, 5, 25] -32.0
[4, 6, 7] -96.0
[4, 6, 8] -64.0
[4, 6, 9] -96.0
[4, 6, 10] -64.0
[4, 6, 11] -64.0
[4, 6, 12] -64.0
[4, 6, 13] -160.0
[4, 6, 14] -160.0
[4, 6, 15] -256.0
[4, 6, 16] -256.0
[4, 6, 17] -256.0
[4, 6, 18] -256.0
[4, 6, 19] -256.0
[4, 6, 20] -256.0
[4, 6, 21] -224.0
[4, 6, 22] -192.0
[4, 6, 23] -128.0
[4, 6, 24] -64.0
[4, 6, 25] -32.0
[4, 7, 8] -96.0
[4, 7, 9] -96.0
[4, 7, 10] -64.0
[4, 7, 11] -64.0
[4, 7, 12] -160.0
[4, 7, 13] -160.0
[4, 7, 14] -160.0
[4, 7, 15] -256.0
[4, 7, 16] -256.0
[4, 7, 17] -256.0
[4, 7, 18] -256.0
[4, 7, 19] -256.0
[4, 7, 20] -224.0
[4, 7, 21] -192.0
[4, 7, 22] -160.0
[4, 7, 23] -96.0
[4, 7, 24] -64.0
[4, 7, 25] -32.0
[4, 8, 9] -96.0
[4, 8, 10] -96.0
[4, 8, 11] -192.0
[4, 8, 12] -128.0
[4, 8, 13] -160.0
[4, 8, 14] -160.0
[4, 8, 15] -256.0
[4, 8, 16] -256.0
[4, 8, 17] -256.0
[4, 8, 18] -256.0
[4, 8, 19] -224.0
[4, 8, 20] -192.0
[4, 8, 21] -160.0
[4, 8, 22] -128.0
[4, 8, 23] -96.0
[4, 8, 24] -64.0
[4, 8, 25] -32.0
[4, 9, 10] -192.0
[4, 9, 11] -192.0
[4, 9, 12] -192.0
[4, 9, 13] -160.0
[4, 9, 14] -128.0
[4, 9, 15] -256.0
[4, 9, 16] -256.0
[4, 9, 17] -256.0
[4, 9, 18] -224.0
[4, 9, 19] -192.0
[4, 9, 20] -160.0
[4, 9, 21] -128.0
[4, 9, 22] -128.0
[4, 9, 23] -96.0
[4, 9, 24] -64.0
[4, 9, 25] -32.0
[4, 10, 11] -192.0
[4, 10, 12] -192.0
[4, 10, 13] -192.0
[4, 10, 14] -160.0
[4, 10, 15] -256.0
[4, 10, 16] -128.0
[4, 10, 17] -224.0
[4, 10, 18] -192.0
[4, 10, 19] -160.0
[4, 10, 20] -128.0
[4, 10, 21] -128.0
[4, 10, 22] -128.0
[4, 10, 23] -96.0
[4, 10, 24] -64.0
[4, 10, 25] -32.0
[4, 11, 12] -192.0
[4, 11, 13] -224.0
[4, 11, 14] -192.0
[4, 11, 15] -256.0
[4, 11, 16] -224.0
[4, 11, 17] -192.0
[4, 11, 18] -32.0
[4, 11, 19] -128.0
[4, 11, 20] -128.0
[4, 11, 21] -128.0
[4, 11, 22] -128.0
[4, 11, 23] -96.0
[4, 11, 24] -64.0
[4, 11, 25] -32.0
[4, 12, 13] -192.0
[4, 12, 14] -224.0
[4, 12, 15] -256.0
[4, 12, 16] -192.0
[4, 12, 17] -160.0
[4, 12, 18] -128.0
[4, 12, 19] -128.0
[4, 12, 21] -128.0
[4, 12, 22] -128.0
[4, 12, 23] -96.0
[4, 12, 24] -64.0
[4, 12, 25] -32.0
[4, 13, 14] -224.0
[4, 13, 15] -256.0
[4, 13, 16] -192.0
[4, 13, 17] -128.0
[4, 13, 18] -128.0
[4, 13, 19] -128.0
[4, 13, 20] -128.0
[4, 13, 21] -128.0
[4, 13, 23] -96.0
[4, 13, 24] -64.0
[4, 13, 25] -32.0
[4, 14, 15] -256.0
[4, 14, 16] -192.0
[4, 14, 17] -160.0
[4, 14, 18] -128.0
[4, 14, 19] -128.0
[4, 14, 20] -128.0
[4, 14, 21] -128.0
[4, 14, 22] -128.0
[4, 14, 23] -96.0
[4, 14, 25] -32.0
[4, 15, 16] -224.0
[4, 15, 17] -192.0
[4, 15, 18] -160.0
[4, 15, 19] -128.0
[4, 15, 20] -128.0
[4, 15, 21] -128.0
[4, 15, 22] -128.0
[4, 15, 23] -96.0
[4, 15, 24] -64.0
[4, 15, 25] -32.0
[4, 16, 17] -224.0
[4, 16, 18] -192.0
[4, 16, 19] -160.0
[4, 16, 20] -128.0
[4, 16, 21] -128.0
[4, 16, 22] -128.0
[4, 16, 23] -96.0
[4, 16, 24] -64.0
[4, 16, 25] -32.0
[4, 17, 18] -224.0
[4, 17, 19] -192.0
[4, 17, 20] -160.0
[4, 17, 21] -128.0
[4, 17, 22] -128.0
[4, 17, 23] -96.0
[4, 17, 24] -64.0
[4, 17, 25] -32.0
[4, 18, 19] -224.0
[4, 18, 20] -192.0
[4, 18, 21] -160.0
[4, 18, 22] -128.0
[4, 18, 23] -96.0
[4, 18, 24] -64.0
[4, 18, 25] -32.0
[4, 19, 20] -224.0
[4, 19, 21] -192.0
[4, 19, 22] -160.0
[4, 19, 23] -96.0
[4, 19, 24] -64.0
[4, 19, 25] -32.0
[4, 20, 21] -224.0
[4, 20, 22] -192.0
[4, 20, 23] -128.0
[4, 20, 24] -64.0
[4, 20, 25] -32.0
[4, 21, 22] -224.0
[4, 21, 23] -160.0
[4, 21, 24] -96.0
[4, 21, 25] -32.0
[4, 22, 23] -192.0
[4, 22, 24] -128.0
[4, 22, 25] -64.0
[4, 23, 24] -128.0
[4, 23, 25] -64.0
[4, 24, 25] -64.0
[5, 6, 7] -64.0
[5, 6, 8] -96.0
[5, 6, 9] -96.0
[5, 6, 10] -96.0
[5, 6, 11] -64.0
[5, 6, 12] -64.0
[5, 6, 13] -64.0
[5, 6, 14] -64.0
[5, 6, 15] -192.0
[5, 6, 16] -320.0
[5, 6, 17] -320.0
[5, 6, 18] -320.0
[5, 6, 19] -320.0
[5, 6, 20] -320.0
[5, 6, 21] -288.0
[5, 6, 22] -224.0
[5, 6, 23] -160.0
[5, 6, 24] -96.0
[5, 6, 25] -32.0
[5, 7, 8] -96.0
[5, 7, 9] -64.0
[5, 7, 10] -96.0
[5, 7, 11] -96.0
[5, 7, 12] -64.0
[5, 7, 13] -64.0
[5, 7, 14] -192.0
[5, 7, 15] -192.0
[5, 7, 16] -320.0
[5, 7, 17] -320.0
[5, 7, 18] -320.0
[5, 7, 19] -320.0
[5, 7, 20] -288.0
[5, 7, 21] -256.0
[5, 7, 22] -192.0
[5, 7, 23] -128.0
[5, 7, 24] -64.0
[5, 7, 25] -32.0
[5, 8, 9] -96.0
[5, 8, 10] -96.0
[5, 8, 11] -64.0
[5, 8, 12] -96.0
[5, 8, 13] -192.0
[5, 8, 14] -192.0
[5, 8, 15] -192.0
[5, 8, 16] -320.0
[5, 8, 17] -320.0
[5, 8, 18] -320.0
[5, 8, 19] -288.0
[5, 8, 20] -256.0
[5, 8, 21] -224.0
[5, 8, 22] -160.0
[5, 8, 23] -96.0
[5, 8, 24] -64.0
[5, 8, 25] -32.0
[5, 9, 10] -96.0
[5, 9, 11] -96.0
[5, 9, 12] -224.0
[5, 9, 13] -192.0
[5, 9, 14] -192.0
[5, 9, 15] -192.0
[5, 9, 16] -320.0
[5, 9, 17] -320.0
[5, 9, 18] -288.0
[5, 9, 19] -256.0
[5, 9, 20] -224.0
[5, 9, 21] -192.0
[5, 9, 22] -128.0
[5, 9, 23] -96.0
[5, 9, 24] -64.0
[5, 9, 25] -32.0
[5, 10, 11] -224.0
[5, 10, 12] -224.0
[5, 10, 13] -256.0
[5, 10, 14] -224.0
[5, 10, 15] -160.0
[5, 10, 16] -320.0
[5, 10, 17] -288.0
[5, 10, 18] -256.0
[5, 10, 19] -224.0
[5, 10, 20] -192.0
[5, 10, 21] -160.0
[5, 10, 22] -128.0
[5, 10, 23] -96.0
[5, 10, 24] -64.0
[5, 10, 25] -32.0
[5, 11, 12] -224.0
[5, 11, 13] -224.0
[5, 11, 14] -256.0
[5, 11, 15] -224.0
[5, 11, 16] -288.0
[5, 11, 17] -96.0
[5, 11, 18] -224.0
[5, 11, 19] -192.0
[5, 11, 20] -160.0
[5, 11, 21] -160.0
[5, 11, 22] -128.0
[5, 11, 23] -96.0
[5, 11, 24] -64.0
[5, 11, 25] -32.0
[5, 12, 13] -224.0
[5, 12, 14] -288.0
[5, 12, 15] -224.0
[5, 12, 16] -288.0
[5, 12, 17] -224.0
[5, 12, 18] -192.0
[5, 12, 20] -160.0
[5, 12, 21] -160.0
[5, 12, 22] -128.0
[5, 12, 23] -96.0
[5, 12, 24] -64.0
[5, 12, 25] -32.0
[5, 13, 14] -192.0
[5, 13, 15] -224.0
[5, 13, 16] -288.0
[5, 13, 17] -224.0
[5, 13, 18] -160.0
[5, 13, 19] -160.0
[5, 13, 20] -160.0
[5, 13, 22] -128.0
[5, 13, 23] -96.0
[5, 13, 24] -64.0
[5, 13, 25] -32.0
[5, 14, 15] -224.0
[5, 14, 16] -288.0
[5, 14, 17] -224.0
[5, 14, 18] -192.0
[5, 14, 19] -160.0
[5, 14, 20] -160.0
[5, 14, 21] -160.0
[5, 14, 22] -128.0
[5, 14, 24] -64.0
[5, 14, 25] -32.0
[5, 15, 16] -288.0
[5, 15, 17] -256.0
[5, 15, 18] -224.0
[5, 15, 19] -192.0
[5, 15, 20] -160.0
[5, 15, 21] -160.0
[5, 15, 22] -128.0
[5, 15, 23] -96.0
[5, 15, 24] -64.0
[5, 16, 17] -288.0
[5, 16, 18] -256.0
[5, 16, 19] -224.0
[5, 16, 20] -192.0
[5, 16, 21] -160.0
[5, 16, 22] -128.0
[5, 16, 23] -96.0
[5, 16, 24] -64.0
[5, 16, 25] -32.0
[5, 17, 18] -288.0
[5, 17, 19] -256.0
[5, 17, 20] -224.0
[5, 17, 21] -192.0
[5, 17, 22] -128.0
[5, 17, 23] -96.0
[5, 17, 24] -64.0
[5, 17, 25] -32.0
[5, 18, 19] -288.0
[5, 18, 20] -256.0
[5, 18, 21] -224.0
[5, 18, 22] -160.0
[5, 18, 23] -96.0
[5, 18, 24] -64.0
[5, 18, 25] -32.0
[5, 19, 20] -288.0
[5, 19, 21] -256.0
[5, 19, 22] -192.0
[5, 19, 23] -128.0
[5, 19, 24] -64.0
[5, 19, 25] -32.0
[5, 20, 21] -288.0
[5, 20, 22] -224.0
[5, 20, 23] -160.0
[5, 20, 24] -96.0
[5, 20, 25] -32.0
[5, 21, 22] -256.0
[5, 21, 23] -192.0
[5, 21, 24] -128.0
[5, 21, 25] -64.0
[5, 22, 23] -192.0
[5, 22, 24] -128.0
[5, 22, 25] -64.0
[5, 23, 24] -128.0
[5, 23, 25] -64.0
[5, 24, 25] -64.0
[6, 7, 8] -64.0
[6, 7, 9] -96.0
[6, 7, 10] -96.0
[6, 7, 11] -96.0
[6, 7, 12] -96.0
[6, 7, 13] -64.0
[6, 7, 14] -64.0
[6, 7, 15] -64.0
[6, 7, 16] -224.0
[6, 7, 17] -384.0
[6, 7, 18] -384.0
[6, 7, 19] -384.0
[6, 7, 20] -352.0
[6, 7, 21] -288.0
[6, 7, 22] -224.0
[6, 7, 23] -160.0
[6, 7, 24] -96.0
[6, 7, 25] -32.0
[6, 8, 9] -96.0
[6, 8, 10] -64.0
[6, 8, 11] -96.0
[6, 8, 12] -96.0
[6, 8, 13] -96.0
[6, 8, 14] -64.0
[6, 8, 15] -224.0
[6, 8, 16] -224.0
[6, 8, 17] -384.0
[6, 8, 18] -384.0
[6, 8, 19] -352.0
[6, 8, 20] -320.0
[6, 8, 21] -256.0
[6, 8, 22] -192.0
[6, 8, 23] -128.0
[6, 8, 24] -64.0
[6, 8, 25] -32.0
[6, 9, 10] -96.0
[6, 9, 11] -96.0
[6, 9, 12] -64.0
[6, 9, 13] -128.0
[6, 9, 14] -256.0
[6, 9, 15] -224.0
[6, 9, 16] -224.0
[6, 9, 17] -384.0
[6, 9, 18] -352.0
[6, 9, 19] -320.0
[6, 9, 20] -288.0
[6, 9, 21] -224.0
[6, 9, 22] -160.0
[6, 9, 23] -96.0
[6, 9, 24] -64.0
[6, 9, 25] -32.0
[6, 10, 11] -96.0
[6, 10, 12] -96.0
[6, 10, 13] -256.0
[6, 10, 14] -256.0
[6, 10, 15] -256.0
[6, 10, 16] -224.0
[6, 10, 17] -352.0
[6, 10, 18] -320.0
[6, 10, 19] -288.0
[6, 10, 20] -256.0
[6, 10, 21] -192.0
[6, 10, 22] -128.0
[6, 10, 23] -96.0
[6, 10, 24] -64.0
[6, 10, 25] -32.0
[6, 11, 12] -256.0
[6, 11, 13] -256.0
[6, 11, 14] -320.0
[6, 11, 15] -288.0
[6, 11, 16] -192.0
[6, 11, 17] -320.0
[6, 11, 18] -288.0
[6, 11, 19] -256.0
[6, 11, 20] -224.0
[6, 11, 21] -160.0
[6, 11, 22] -128.0
[6, 11, 23] -96.0
[6, 11, 24] -64.0
[6, 11, 25] -32.0
[6, 12, 13] -256.0
[6, 12, 14] -256.0
[6, 12, 15] -288.0
[6, 12, 16] -224.0
[6, 12, 17] -320.0
[6, 12, 18] -64.0
[6, 12, 19] -224.0
[6, 12, 20] -192.0
[6, 12, 21] -160.0
[6, 12, 22] -128.0
[6, 12, 23] -96.0
[6, 12, 24] -64.0
[6, 12, 25] -32.0
[6, 13, 14] -224.0
[6, 13, 15] -288.0
[6, 13, 16] -224.0
[6, 13, 17] -320.0
[6, 13, 18] -256.0
[6, 13, 19] -192.0
[6, 13, 21] -160.0
[6, 13, 22] -128.0
[6, 13, 23] -96.0
[6, 13, 24] -64.0
[6, 13, 25] -32.0
[6, 14, 15] -160.0
[6, 14, 16] -224.0
[6, 14, 17] -320.0
[6, 14, 18] -256.0
[6, 14, 19] -224.0
[6, 14, 20] -192.0
[6, 14, 21] -160.0
[6, 14, 23] -96.0
[6, 14, 24] -64.0
[6, 14, 25] -32.0
[6, 15, 16] -224.0
[6, 15, 17] -320.0
[6, 15, 18] -288.0
[6, 15, 19] -256.0
[6, 15, 20] -224.0
[6, 15, 21] -160.0
[6, 15, 22] -128.0
[6, 15, 23] -96.0
[6, 15, 25] -32.0
[6, 16, 17] -352.0
[6, 16, 18] -320.0
[6, 16, 19] -288.0
[6, 16, 20] -256.0
[6, 16, 21] -192.0
[6, 16, 22] -128.0
[6, 16, 23] -96.0
[6, 16, 24] -64.0
[6, 16, 25] -32.0
[6, 17, 18] -352.0
[6, 17, 19] -320.0
[6, 17, 20] -288.0
[6, 17, 21] -224.0
[6, 17, 22] -160.0
[6, 17, 23] -96.0
[6, 17, 24] -64.0
[6, 17, 25] -32.0
[6, 18, 19] -352.0
[6, 18, 20] -320.0
[6, 18, 21] -256.0
[6, 18, 22] -192.0
[6, 18, 23] -128.0
[6, 18, 24] -64.0
[6, 18, 25] -32.0
[6, 19, 20] -352.0
[6, 19, 21] -288.0
[6, 19, 22] -224.0
[6, 19, 23] -160.0
[6, 19, 24] -96.0
[6, 19, 25] -32.0
[6, 20, 21] -320.0
[6, 20, 22] -256.0
[6, 20, 23] -192.0
[6, 20, 24] -128.0
[6, 20, 25] -64.0
[6, 21, 22] -256.0
[6, 21, 23] -192.0
[6, 21, 24] -128.0
[6, 21, 25] -64.0
[6, 22, 23] -192.0
[6, 22, 24] -128.0
[6, 22, 25] -64.0
[6, 23, 24] -128.0
[6, 23, 25] -64.0
[6, 24, 25] -64.0
[7, 8, 9] -64.0
[7, 8, 10] -96.0
[7, 8, 11] -96.0
[7, 8, 12] -96.0
[7, 8, 13] -128.0
[7, 8, 14] -96.0
[7, 8, 15] -64.0
[7, 8, 16] -64.0
[7, 8, 17] -256.0
[7, 8, 18] -448.0
[7, 8, 19] -416.0
[7, 8, 20] -352.0
[7, 8, 21] -288.0
[7, 8, 22] -224.0
[7, 8, 23] -160.0
[7, 8, 24] -96.0
[7, 8, 25] -32.0
[7, 9, 10] -96.0
[7, 9, 11] -64.0
[7, 9, 12] -96.0
[7, 9, 13] -96.0
[7, 9, 14] -128.0
[7, 9, 15] -96.0
[7, 9, 16] -256.0
[7, 9, 17] -256.0
[7, 9, 18] -416.0
[7, 9, 19] -384.0
[7, 9, 20] -320.0
[7, 9, 21] -256.0
[7, 9, 22] -192.0
[7, 9, 23] -128.0
[7, 9, 24] -64.0
[7, 9, 25] -32.0
[7, 10, 11] -96.0
[7, 10, 12] -96.0
[7, 10, 13] -64.0
[7, 10, 14] -160.0
[7, 10, 15] -320.0
[7, 10, 16] -288.0
[7, 10, 17] -224.0
[7, 10, 18] -384.0
[7, 10, 19] -352.0
[7, 10, 20] -288.0
[7, 10, 21] -224.0
[7, 10, 22] -160.0
[7, 10, 23] -96.0
[7, 10, 24] -64.0
[7, 10, 25] -32.0
[7, 11, 12] -96.0
[7, 11, 13] -96.0
[7, 11, 14] -288.0
[7, 11, 15] -320.0
[7, 11, 16] -288.0
[7, 11, 17] -224.0
[7, 11, 18] -352.0
[7, 11, 19] -320.0
[7, 11, 20] -256.0
[7, 11, 21] -192.0
[7, 11, 22] -128.0
[7, 11, 23] -96.0
[7, 11, 24] -64.0
[7, 11, 25] -32.0
[7, 12, 13] -288.0
[7, 12, 14] -288.0
[7, 12, 15] -352.0
[7, 12, 16] -288.0
[7, 12, 17] -192.0
[7, 12, 18] -352.0
[7, 12, 19] -288.0
[7, 12, 20] -224.0
[7, 12, 21] -160.0
[7, 12, 22] -128.0
[7, 12, 23] -96.0
[7, 12, 24] -64.0
[7, 12, 25] -32.0
[7, 13, 14] -256.0
[7, 13, 15] -224.0
[7, 13, 16] -288.0
[7, 13, 17] -224.0
[7, 13, 18] -352.0
[7, 13, 19] -64.0
[7, 13, 20] -192.0
[7, 13, 21] -160.0
[7, 13, 22] -128.0
[7, 13, 23] -96.0
[7, 13, 24] -64.0
[7, 13, 25] -32.0
[7, 14, 15] -192.0
[7, 14, 16] -288.0
[7, 14, 17] -224.0
[7, 14, 18] -352.0
[7, 14, 19] -288.0
[7, 14, 20] -224.0
[7, 14, 22] -128.0
[7, 14, 23] -96.0
[7, 14, 24] -64.0
[7, 14, 25] -32.0
[7, 15, 16] -128.0
[7, 15, 17] -224.0
[7, 15, 18] -352.0
[7, 15, 19] -320.0
[7, 15, 20] -256.0
[7, 15, 21] -192.0
[7, 15, 22] -128.0
[7, 15, 24] -64.0
[7, 15, 25] -32.0
[7, 16, 17] -224.0
[7, 16, 18] -384.0
[7, 16, 19] -352.0
[7, 16, 20] -288.0
[7, 16, 21] -224.0
[7, 16, 22] -160.0
[7, 16, 23] -96.0
[7, 16, 24] -64.0
[7, 17, 18] -416.0
[7, 17, 19] -384.0
[7, 17, 20] -320.0
[7, 17, 21] -256.0
[7, 17, 22] -192.0
[7, 17, 23] -128.0
[7, 17, 24] -64.0
[7, 17, 25] -32.0
[7, 18, 19] -416.0
[7, 18, 20] -352.0
[7, 18, 21] -288.0
[7, 18, 22] -224.0
[7, 18, 23] -160.0
[7, 18, 24] -96.0
[7, 18, 25] -32.0
[7, 19, 20] -384.0
[7, 19, 21] -320.0
[7, 19, 22] -256.0
[7, 19, 23] -192.0
[7, 19, 24] -128.0
[7, 19, 25] -64.0
[7, 20, 21] -320.0
[7, 20, 22] -256.0
[7, 20, 23] -192.0
[7, 20, 24] -128.0
[7, 20, 25] -64.0
[7, 21, 22] -256.0
[7, 21, 23] -192.0
[7, 21, 24] -128.0
[7, 21, 25] -64.0
[7, 22, 23] -192.0
[7, 22, 24] -128.0
[7, 22, 25] -64.0
[7, 23, 24] -128.0
[7, 23, 25] -64.0
[7, 24, 25] -64.0
[8, 9, 10] -64.0
[8, 9, 11] -96.0
[8, 9, 12] -96.0
[8, 9, 13] -96.0
[8, 9, 14] -160.0
[8, 9, 15] -128.0
[8, 9, 16] -96.0
[8, 9, 17] -64.0
[8, 9, 18] -256.0
[8, 9, 19] -416.0
[8, 9, 20] -352.0
[8, 9, 21] -288.0
[8, 9, 22] -224.0
[8, 9, 23] -160.0
[8, 9, 24] -96.0
[8, 9, 25] -32.0
[8, 10, 11] -96.0
[8, 10, 12] -64.0
[8, 10, 13] -96.0
[8, 10, 14] -96.0
[8, 10, 15] -160.0
[8, 10, 16] -128.0
[8, 10, 17] -288.0
[8, 10, 18] -224.0
[8, 10, 19] -384.0
[8, 10, 20] -320.0
[8, 10, 21] -256.0
[8, 10, 22] -192.0
[8, 10, 23] -128.0
[8, 10, 24] -64.0
[8, 10, 25] -32.0
[8, 11, 12] -96.0
[8, 11, 13] -96.0
[8, 11, 14] -64.0
[8, 11, 15] -192.0
[8, 11, 16] -352.0
[8, 11, 17] -288.0
[8, 11, 18] -224.0
[8, 11, 19] -352.0
[8, 11, 20] -288.0
[8, 11, 21] -224.0
[8, 11, 22] -160.0
[8, 11, 23] -96.0
[8, 11, 24] -64.0
[8, 11, 25] -32.0
[8, 12, 13] -96.0
[8, 12, 14] -96.0
[8, 12, 15] -288.0
[8, 12, 16] -320.0
[8, 12, 17] -288.0
[8, 12, 18] -224.0
[8, 12, 19] -352.0
[8, 12, 20] -256.0
[8, 12, 21] -192.0
[8, 12, 22] -128.0
[8, 12, 23] -96.0
[8, 12, 24] -64.0
[8, 12, 25] -32.0
[8, 13, 14] -288.0
[8, 13, 15] -256.0
[8, 13, 16] -352.0
[8, 13, 17] -288.0
[8, 13, 18] -192.0
[8, 13, 19] -352.0
[8, 13, 20] -256.0
[8, 13, 21] -160.0
[8, 13, 22] -128.0
[8, 13, 23] -96.0
[8, 13, 24] -64.0
[8, 13, 25] -32.0
[8, 14, 15] -224.0
[8, 14, 16] -192.0
[8, 14, 17] -288.0
[8, 14, 18] -224.0
[8, 14, 19] -352.0
[8, 14, 20] -64.0
[8, 14, 21] -192.0
[8, 14, 22] -128.0
[8, 14, 23] -96.0
[8, 14, 24] -64.0
[8, 14, 25] -32.0
[8, 15, 16] -160.0
[8, 15, 17] -288.0
[8, 15, 18] -224.0
[8, 15, 19] -352.0
[8, 15, 20] -288.0
[8, 15, 21] -224.0
[8, 15, 22] -32.0
[8, 15, 23] -96.0
[8, 15, 24] -64.0
[8, 15, 25] -32.0
[8, 16, 17] -96.0
[8, 16, 18] -224.0
[8, 16, 19] -384.0
[8, 16, 20] -320.0
[8, 16, 21] -256.0
[8, 16, 22] -192.0
[8, 16, 23] -128.0
[8, 16, 25] -32.0
[8, 17, 18] -256.0
[8, 17, 19] -416.0
[8, 17, 20] -352.0
[8, 17, 21] -288.0
[8, 17, 22] -224.0
[8, 17, 23] -160.0
[8, 17, 24] -96.0
[8, 17, 25] -32.0
[8, 18, 19] -448.0
[8, 18, 20] -384.0
[8, 18, 21] -320.0
[8, 18, 22] -256.0
[8, 18, 23] -192.0
[8, 18, 24] -128.0
[8, 18, 25] -64.0
[8, 19, 20] -384.0
[8, 19, 21] -320.0
[8, 19, 22] -256.0
[8, 19, 23] -192.0
[8, 19, 24] -128.0
[8, 19, 25] -64.0
[8, 20, 21] -320.0
[8, 20, 22] -256.0
[8, 20, 23] -192.0
[8, 20, 24] -128.0
[8, 20, 25] -64.0
[8, 21, 22] -256.0
[8, 21, 23] -192.0
[8, 21, 24] -128.0
[8, 21, 25] -64.0
[8, 22, 23] -192.0
[8, 22, 24] -128.0
[8, 22, 25] -64.0
[8, 23, 24] -128.0
[8, 23, 25] -64.0
[8, 24, 25] -64.0
[9, 10, 11] -64.0
[9, 10, 12] -96.0
[9, 10, 13] -96.0
[9, 10, 14] -96.0
[9, 10, 15] -192.0
[9, 10, 16] -160.0
[9, 10, 17] -128.0
[9, 10, 18] -96.0
[9, 10, 19] -224.0
[9, 10, 20] -352.0
[9, 10, 21] -288.0
[9, 10, 22] -224.0
[9, 10, 23] -160.0
[9, 10, 24] -96.0
[9, 10, 25] -32.0
[9, 11, 12] -96.0
[9, 11, 13] -64.0
[9, 11, 14] -96.0
[9, 11, 15] -96.0
[9, 11, 16] -192.0
[9, 11, 17] -160.0
[9, 11, 18] -288.0
[9, 11, 19] -224.0
[9, 11, 20] -320.0
[9, 11, 21] -256.0
[9, 11, 22] -192.0
[9, 11, 23] -128.0
[9, 11, 24] -64.0
[9, 11, 25] -32.0
[9, 12, 13] -96.0
[9, 12, 14] -96.0
[9, 12, 15] -64.0
[9, 12, 16] -224.0
[9, 12, 17] -352.0
[9, 12, 18] -288.0
[9, 12, 19] -224.0
[9, 12, 20] -320.0
[9, 12, 21] -224.0
[9, 12, 22] -160.0
[9, 12, 23] -96.0
[9, 12, 24] -64.0
[9, 12, 25] -32.0
[9, 13, 14] -96.0
[9, 13, 15] -96.0
[9, 13, 16] -256.0
[9, 13, 17] -320.0
[9, 13, 18] -288.0
[9, 13, 19] -224.0
[9, 13, 20] -320.0
[9, 13, 21] -224.0
[9, 13, 22] -128.0
[9, 13, 23] -96.0
[9, 13, 24] -64.0
[9, 13, 25] -32.0
[9, 14, 15] -256.0
[9, 14, 16] -224.0
[9, 14, 17] -352.0
[9, 14, 18] -288.0
[9, 14, 19] -192.0
[9, 14, 20] -320.0
[9, 14, 21] -224.0
[9, 14, 22] -160.0
[9, 14, 23] -96.0
[9, 14, 24] -64.0
[9, 14, 25] -32.0
[9, 15, 16] -192.0
[9, 15, 17] -160.0
[9, 15, 18] -288.0
[9, 15, 19] -224.0
[9, 15, 20] -320.0
[9, 15, 21] -96.0
[9, 15, 22] -192.0
[9, 15, 23] -128.0
[9, 15, 24] -64.0
[9, 15, 25] -32.0
[9, 16, 17] -128.0
[9, 16, 18] -288.0
[9, 16, 19] -224.0
[9, 16, 20] -352.0
[9, 16, 21] -288.0
[9, 16, 22] -224.0
[9, 16, 23] -64.0
[9, 16, 24] -96.0
[9, 16, 25] -32.0
[9, 17, 18] -64.0
[9, 17, 19] -256.0
[9, 17, 20] -384.0
[9, 17, 21] -320.0
[9, 17, 22] -256.0
[9, 17, 23] -192.0
[9, 17, 24] -128.0
[9, 17, 25] -32.0
[9, 18, 19] -256.0
[9, 18, 20] -384.0
[9, 18, 21] -320.0
[9, 18, 22] -256.0
[9, 18, 23] -192.0
[9, 18, 24] -128.0
[9, 18, 25] -64.0
[9, 19, 20] -384.0
[9, 19, 21] -320.0
[9, 19, 22] -256.0
[9, 19, 23] -192.0
[9, 19, 24] -128.0
[9, 19, 25] -64.0
[9, 20, 21] -320.0
[9, 20, 22] -256.0
[9, 20, 23] -192.0
[9, 20, 24] -128.0
[9, 20, 25] -64.0
[9, 21, 22] -256.0
[9, 21, 23] -192.0
[9, 21, 24] -128.0
[9, 21, 25] -64.0
[9, 22, 23] -192.0
[9, 22, 24] -128.0
[9, 22, 25] -64.0
[9, 23, 24] -128.0
[9, 23, 25] -64.0
[9, 24, 25] -64.0
[10, 11, 12] -64.0
[10, 11, 13] -96.0
[10, 11, 14] -96.0
[10, 11, 15] -96.0
[10, 11, 16] -224.0
[10, 11, 17] -192.0
[10, 11, 18] -160.0
[10, 11, 19] -128.0
[10, 11, 20] -224.0
[10, 11, 21] -288.0
[10, 11, 22] -224.0
[10, 11, 23] -160.0
[10, 11, 24] -96.0
[10, 11, 25] -32.0
[10, 12, 13] -96.0
[10, 12, 14] -64.0
[10, 12, 15] -96.0
[10, 12, 16] -96.0
[10, 12, 17] -224.0
[10, 12, 18] -192.0
[10, 12, 19] -288.0
[10, 12, 20] -224.0
[10, 12, 21] -288.0
[10, 12, 22] -192.0
[10, 12, 23] -128.0
[10, 12, 24] -64.0
[10, 12, 25] -32.0
[10, 13, 14] -96.0
[10, 13, 15] -96.0
[10, 13, 16] -64.0
[10, 13, 17] -256.0
[10, 13, 18] -352.0
[10, 13, 19] -288.0
[10, 13, 20] -224.0
[10, 13, 21] -288.0
[10, 13, 22] -192.0
[10, 13, 23] -96.0
[10, 13, 24] -64.0
[10, 13, 25] -32.0
[10, 14, 15] -96.0
[10, 14, 16] -96.0
[10, 14, 17] -224.0
[10, 14, 18] -320.0
[10, 14, 19] -288.0
[10, 14, 20] -224.0
[10, 14, 21] -288.0
[10, 14, 22] -192.0
[10, 14, 23] -128.0
[10, 14, 24] -64.0
[10, 14, 25] -32.0
[10, 15, 16] -224.0
[10, 15, 17] -192.0
[10, 15, 18] -352.0
[10, 15, 19] -288.0
[10, 15, 20] -192.0
[10, 15, 21] -288.0
[10, 15, 22] -224.0
[10, 15, 23] -160.0
[10, 15, 24] -96.0
[10, 15, 25] -32.0
[10, 16, 17] -160.0
[10, 16, 18] -128.0
[10, 16, 19] -288.0
[10, 16, 20] -224.0
[10, 16, 21] -320.0
[10, 16, 22] -128.0
[10, 16, 23] -192.0
[10, 16, 24] -128.0
[10, 16, 25] -64.0
[10, 17, 18] -96.0
[10, 17, 19] -256.0
[10, 17, 20] -224.0
[10, 17, 21] -320.0
[10, 17, 22] -256.0
[10, 17, 23] -192.0
[10, 17, 24] -64.0
[10, 17, 25] -64.0
[10, 18, 19] -64.0
[10, 18, 20] -224.0
[10, 18, 21] -320.0
[10, 18, 22] -256.0
[10, 18, 23] -192.0
[10, 18, 24] -128.0
[10, 18, 25] -64.0
[10, 19, 20] -224.0
[10, 19, 21] -320.0
[10, 19, 22] -256.0
[10, 19, 23] -192.0
[10, 19, 24] -128.0
[10, 19, 25] -64.0
[10, 20, 21] -320.0
[10, 20, 22] -256.0
[10, 20, 23] -192.0
[10, 20, 24] -128.0
[10, 20, 25] -64.0
[10, 21, 22] -256.0
[10, 21, 23] -192.0
[10, 21, 24] -128.0
[10, 21, 25] -64.0
[10, 22, 23] -192.0
[10, 22, 24] -128.0
[10, 22, 25] -64.0
[10, 23, 24] -128.0
[10, 23, 25] -64.0
[10, 24, 25] -64.0
[11, 12, 13] -64.0
[11, 12, 14] -96.0
[11, 12, 15] -96.0
[11, 12, 16] -96.0
[11, 12, 17] -256.0
[11, 12, 18] -224.0
[11, 12, 19] -192.0
[11, 12, 20] -160.0
[11, 12, 21] -224.0
[11, 12, 22] -256.0
[11, 12, 23] -160.0
[11, 12, 24] -96.0
[11, 12, 25] -32.0
[11, 13, 14] -96.0
[11, 13, 15] -64.0
[11, 13, 16] -96.0
[11, 13, 17] -96.0
[11, 13, 18] -256.0
[11, 13, 19] -224.0
[11, 13, 20] -288.0
[11, 13, 21] -224.0
[11, 13, 22] -256.0
[11, 13, 23] -160.0
[11, 13, 24] -64.0
[11, 13, 25] -32.0
[11, 14, 15] -96.0
[11, 14, 16] -96.0
[11, 14, 17] -64.0
[11, 14, 18] -288.0
[11, 14, 19] -352.0
[11, 14, 20] -288.0
[11, 14, 21] -224.0
[11, 14, 22] -256.0
[11, 14, 23] -160.0
[11, 14, 24] -96.0
[11, 14, 25] -32.0
[11, 15, 16] -96.0
[11, 15, 17] -96.0
[11, 15, 18] -192.0
[11, 15, 19] -320.0
[11, 15, 20] -288.0
[11, 15, 21] -224.0
[11, 15, 22] -256.0
[11, 15, 23] -192.0
[11, 15, 24] -128.0
[11, 15, 25] -64.0
[11, 16, 17] -192.0
[11, 16, 18] -160.0
[11, 16, 19] -320.0
[11, 16, 20] -256.0
[11, 16, 21] -160.0
[11, 16, 22] -256.0
[11, 16, 23] -192.0
[11, 16, 24] -128.0
[11, 16, 25] -64.0
[11, 17, 18] -128.0
[11, 17, 19] -96.0
[11, 17, 20] -224.0
[11, 17, 21] -192.0
[11, 17, 22] -256.0
[11, 17, 23] -96.0
[11, 17, 24] -128.0
[11, 17, 25] -64.0
[11, 18, 19] -64.0
[11, 18, 20] -224.0
[11, 18, 21] -192.0
[11, 18, 22] -256.0
[11, 18, 23] -192.0
[11, 18, 24] -128.0
[11, 18, 25] -32.0
[11, 19, 20] -64.0
[11, 19, 21] -192.0
[11, 19, 22] -256.0
[11, 19, 23] -192.0
[11, 19, 24] -128.0
[11, 19, 25] -64.0
[11, 20, 21] -192.0
[11, 20, 22] -256.0
[11, 20, 23] -192.0
[11, 20, 24] -128.0
[11, 20, 25] -64.0
[11, 21, 22] -256.0
[11, 21, 23] -192.0
[11, 21, 24] -128.0
[11, 21, 25] -64.0
[11, 22, 23] -192.0
[11, 22, 24] -128.0
[11, 22, 25] -64.0
[11, 23, 24] -128.0
[11, 23, 25] -64.0
[11, 24, 25] -64.0
[12, 13, 14] -64.0
[12, 13, 15] -96.0
[12, 13, 16] -96.0
[12, 13, 17] -96.0
[12, 13, 18] -288.0
[12, 13, 19] -256.0
[12, 13, 20] -224.0
[12, 13, 21] -192.0
[12, 13, 22] -224.0
[12, 13, 23] -224.0
[12, 13, 24] -128.0
[12, 13, 25] -32.0
[12, 14, 15] -96.0
[12, 14, 16] -64.0
[12, 14, 17] -96.0
[12, 14, 18] -96.0
[12, 14, 19] -288.0
[12, 14, 20] -256.0
[12, 14, 21] -288.0
[12, 14, 22] -224.0
[12, 14, 23] -224.0
[12, 14, 24] -128.0
[12, 14, 25] -64.0
[12, 15, 16] -96.0
[12, 15, 17] -96.0
[12, 15, 18] -64.0
[12, 15, 19] -288.0
[12, 15, 20] -320.0
[12, 15, 21] -256.0
[12, 15, 22] -192.0
[12, 15, 23] -192.0
[12, 15, 24] -128.0
[12, 15, 25] -64.0
[12, 16, 17] -96.0
[12, 16, 18] -96.0
[12, 16, 19] -160.0
[12, 16, 20] -256.0
[12, 16, 21] -224.0
[12, 16, 22] -160.0
[12, 16, 23] -192.0
[12, 16, 24] -128.0
[12, 16, 25] -64.0
[12, 17, 18] -160.0
[12, 17, 19] -128.0
[12, 17, 20] -256.0
[12, 17, 21] -192.0
[12, 17, 22] -128.0
[12, 17, 23] -192.0
[12, 17, 24] -128.0
[12, 17, 25] -64.0
[12, 18, 19] -96.0
[12, 18, 20] -64.0
[12, 18, 21] -192.0
[12, 18, 22] -160.0
[12, 18, 23] -192.0
[12, 18, 24] -64.0
[12, 18, 25] -64.0
[12, 19, 20] -64.0
[12, 19, 21] -192.0
[12, 19, 22] -160.0
[12, 19, 23] -192.0
[12, 19, 24] -128.0
[12, 19, 25] -64.0
[12, 20, 21] -64.0
[12, 20, 22] -160.0
[12, 20, 23] -192.0
[12, 20, 24] -128.0
[12, 20, 25] -64.0
[12, 21, 22] -160.0
[12, 21, 23] -192.0
[12, 21, 24] -128.0
[12, 21, 25] -64.0
[12, 22, 23] -192.0
[12, 22, 24] -128.0
[12, 22, 25] -64.0
[12, 23, 24] -128.0
[12, 23, 25] -64.0
[12, 24, 25] -64.0
[13, 14, 15] -64.0
[13, 14, 16] -96.0
[13, 14, 17] -96.0
[13, 14, 18] -96.0
[13, 14, 19] -288.0
[13, 14, 20] -256.0
[13, 14, 21] -224.0
[13, 14, 22] -192.0
[13, 14, 23] -192.0
[13, 14, 24] -160.0
[13, 14, 25] -64.0
[13, 15, 16] -96.0
[13, 15, 17] -64.0
[13, 15, 18] -96.0
[13, 15, 19] -96.0
[13, 15, 20] -256.0
[13, 15, 21] -224.0
[13, 15, 22] -224.0
[13, 15, 23] -160.0
[13, 15, 24] -128.0
[13, 15, 25] -64.0
[13, 16, 17] -96.0
[13, 16, 18] -96.0
[13, 16, 19] -64.0
[13, 16, 20] -256.0
[13, 16, 21] -256.0
[13, 16, 22] -192.0
[13, 16, 23] -128.0
[13, 16, 24] -128.0
[13, 16, 25] -64.0
[13, 17, 18] -96.0
[13, 17, 19] -96.0
[13, 17, 20] -128.0
[13, 17, 21] -192.0
[13, 17, 22] -160.0
[13, 17, 23] -128.0
[13, 17, 24] -128.0
[13, 17, 25] -64.0
[13, 18, 19] -128.0
[13, 18, 20] -96.0
[13, 18, 21] -192.0
[13, 18, 22] -160.0
[13, 18, 23] -96.0
[13, 18, 24] -128.0
[13, 18, 25] -64.0
[13, 19, 20] -64.0
[13, 19, 21] -64.0
[13, 19, 22] -160.0
[13, 19, 23] -128.0
[13, 19, 24] -128.0
[13, 19, 25] -32.0
[13, 20, 21] -64.0
[13, 20, 22] -160.0
[13, 20, 23] -128.0
[13, 20, 24] -128.0
[13, 20, 25] -64.0
[13, 21, 22] -64.0
[13, 21, 23] -128.0
[13, 21, 24] -128.0
[13, 21, 25] -64.0
[13, 22, 23] -128.0
[13, 22, 24] -128.0
[13, 22, 25] -64.0
[13, 23, 24] -128.0
[13, 23, 25] -64.0
[13, 24, 25] -64.0
[14, 15, 16] -64.0
[14, 15, 17] -96.0
[14, 15, 18] -96.0
[14, 15, 19] -96.0
[14, 15, 20] -256.0
[14, 15, 21] -224.0
[14, 15, 22] -192.0
[14, 15, 23] -160.0
[14, 15, 24] -128.0
[14, 15, 25] -64.0
[14, 16, 17] -96.0
[14, 16, 18] -64.0
[14, 16, 19] -96.0
[14, 16, 20] -96.0
[14, 16, 21] -224.0
[14, 16, 22] -192.0
[14, 16, 23] -160.0
[14, 16, 24] -96.0
[14, 16, 25] -64.0
[14, 17, 18] -96.0
[14, 17, 19] -96.0
[14, 17, 20] -64.0
[14, 17, 21] -224.0
[14, 17, 22] -192.0
[14, 17, 23] -128.0
[14, 17, 24] -96.0
[14, 17, 25] -64.0
[14, 18, 19] -96.0
[14, 18, 20] -96.0
[14, 18, 21] -96.0
[14, 18, 22] -128.0
[14, 18, 23] -128.0
[14, 18, 24] -96.0
[14, 18, 25] -64.0
[14, 19, 20] -96.0
[14, 19, 21] -64.0
[14, 19, 22] -160.0
[14, 19, 23] -128.0
[14, 19, 24] -64.0
[14, 19, 25] -64.0
[14, 20, 21] -64.0
[14, 20, 22] -64.0
[14, 20, 23] -128.0
[14, 20, 24] -96.0
[14, 20, 25] -64.0
[14, 21, 22] -64.0
[14, 21, 23] -128.0
[14, 21, 24] -96.0
[14, 21, 25] -64.0
[14, 22, 23] -64.0
[14, 22, 24] -96.0
[14, 22, 25] -64.0
[14, 23, 24] -96.0
[14, 23, 25] -64.0
[14, 24, 25] -64.0
[15, 16, 17] -64.0
[15, 16, 18] -96.0
[15, 16, 19] -96.0
[15, 16, 20] -96.0
[15, 16, 21] -224.0
[15, 16, 22] -192.0
[15, 16, 23] -160.0
[15, 16, 24] -128.0
[15, 16, 25] -64.0
[15, 17, 18] -96.0
[15, 17, 19] -64.0
[15, 17, 20] -96.0
[15, 17, 21] -96.0
[15, 17, 22] -192.0
[15, 17, 23] -160.0
[15, 17, 24] -96.0
[15, 17, 25] -64.0
[15, 18, 19] -96.0
[15, 18, 20] -96.0
[15, 18, 21] -64.0
[15, 18, 22] -192.0
[15, 18, 23] -128.0
[15, 18, 24] -96.0
[15, 18, 25] -64.0
[15, 19, 20] -96.0
[15, 19, 21] -96.0
[15, 19, 22] -64.0
[15, 19, 23] -96.0
[15, 19, 24] -96.0
[15, 19, 25] -64.0
[15, 20, 21] -64.0
[15, 20, 22] -64.0
[15, 20, 23] -128.0
[15, 20, 24] -96.0
[15, 20, 25] -32.0
[15, 21, 22] -64.0
[15, 21, 23] -64.0
[15, 21, 24] -96.0
[15, 21, 25] -64.0
[15, 22, 23] -64.0
[15, 22, 24] -96.0
[15, 22, 25] -64.0
[15, 23, 24] -64.0
[15, 23, 25] -64.0
[15, 24, 25] -64.0
[16, 17, 18] -64.0
[16, 17, 19] -96.0
[16, 17, 20] -96.0
[16, 17, 21] -96.0
[16, 17, 22] -192.0
[16, 17, 23] -160.0
[16, 17, 24] -128.0
[16, 17, 25] -64.0
[16, 18, 19] -96.0
[16, 18, 20] -64.0
[16, 18, 21] -96.0
[16, 18, 22] -96.0
[16, 18, 23] -160.0
[16, 18, 24] -96.0
[16, 18, 25] -64.0
[16, 19, 20] -96.0
[16, 19, 21] -96.0
[16, 19, 22] -64.0
[16, 19, 23] -128.0
[16, 19, 24] -96.0
[16, 19, 25] -64.0
[16, 20, 21] -96.0
[16, 20, 22] -64.0
[16, 20, 23] -64.0
[16, 20, 24] -64.0
[16, 20, 25] -64.0
[16, 21, 22] -64.0
[16, 21, 23] -64.0
[16, 21, 24] -96.0
[16, 21, 25] -64.0
[16, 22, 23] -64.0
[16, 22, 24] -64.0
[16, 22, 25] -64.0
[16, 23, 24] -64.0
[16, 23, 25] -64.0
[16, 24, 25] -64.0
[17, 18, 19] -64.0
[17, 18, 20] -96.0
[17, 18, 21] -96.0
[17, 18, 22] -96.0
[17, 18, 23] -160.0
[17, 18, 24] -128.0
[17, 18, 25] -64.0
[17, 19, 20] -96.0
[17, 19, 21] -64.0
[17, 19, 22] -96.0
[17, 19, 23] -96.0
[17, 19, 24] -96.0
[17, 19, 25] -64.0
[17, 20, 21] -96.0
[17, 20, 22] -96.0
[17, 20, 23] -32.0
[17, 20, 24] -96.0
[17, 20, 25] -64.0
[17, 21, 22] -64.0
[17, 21, 23] -64.0
[17, 21, 24] -64.0
[17, 21, 25] -32.0
[17, 22, 23] -64.0
[17, 22, 24] -64.0
[17, 22, 25] -64.0
[17, 23, 24] -64.0
[17, 23, 25] -64.0
[17, 24, 25] -64.0
[18, 19, 20] -64.0
[18, 19, 21] -96.0
[18, 19, 22] -96.0
[18, 19, 23] -96.0
[18, 19, 24] -128.0
[18, 19, 25] -64.0
[18, 20, 21] -96.0
[18, 20, 22] -64.0
[18, 20, 23] -96.0
[18, 20, 24] -64.0
[18, 20, 25] -64.0
[18, 21, 22] -96.0
[18, 21, 23] -64.0
[18, 21, 24] -32.0
[18, 21, 25] -64.0
[18, 22, 23] -64.0
[18, 22, 24] -64.0
[18, 22, 25] -64.0
[18, 23, 24] -64.0
[18, 23, 25] -64.0
[18, 24, 25] -64.0
[19, 20, 21] -64.0
[19, 20, 22] -96.0
[19, 20, 23] -96.0
[19, 20, 24] -96.0
[19, 20, 25] -64.0
[19, 21, 22] -96.0
[19, 21, 23] -64.0
[19, 21, 24] -64.0
[19, 21, 25] -64.0
[19, 22, 23] -64.0
[19, 22, 24] -64.0
[19, 22, 25] -32.0
[19, 23, 24] -64.0
[19, 23, 25] -64.0
[19, 24, 25] -64.0
[20, 21, 22] -64.0
[20, 21, 23] -96.0
[20, 21, 24] -96.0
[20, 21, 25] -64.0
[20, 22, 23] -96.0
[20, 22, 24] -32.0
[20, 22, 25] -64.0
[20, 23, 24] -64.0
[20, 23, 25] -64.0
[20, 24, 25] -64.0
[21, 22, 23] -64.0
[21, 22, 24] -96.0
[21, 22, 25] -64.0
[21, 23, 24] -64.0
[21, 23, 25] -32.0
[21, 24, 25] -64.0
[22, 23, 24] -64.0
[22, 23, 25] -64.0
[22, 24, 25] -64.0
[23, 24, 25] -32.0
[1, 2] 352.0
[1, 3] 344.0
[1, 4] 336.0
[1, 5] 328.0
[1, 6] 320.0
[1, 7] 312.0
[1, 8] 304.0
[1, 9] 296.0
[1, 10] 288.0
[1, 11] 280.0
[1, 12] 272.0
[1, 13] 264.0
[1, 14] 272.0
[1, 15] 264.0
[1, 16] 256.0
[1, 17] 248.0
[1, 18] 240.0
[1, 19] 232.0
[1, 20] 224.0
[1, 21] 216.0
[1, 22] 208.0
[1, 23] 200.0
[1, 24] 192.0
[1, 25] 184.0
[2, 3] 544.0
[2, 4] 552.0
[2, 5] 544.0
[2, 6] 536.0
[2, 7] 528.0
[2, 8] 504.0
[2, 9] 496.0
[2, 10] 488.0
[2, 11] 480.0
[2, 12] 472.0
[2, 13] 528.0
[2, 14] 536.0
[2, 15] 528.0
[2, 16] 504.0
[2, 17] 496.0
[2, 18] 472.0
[2, 19] 464.0
[2, 20] 440.0
[2, 21] 432.0
[2, 22] 408.0
[2, 23] 400.0
[2, 24] 376.0
[2, 25] 192.0
[3, 4] 704.0
[3, 5] 696.0
[3, 6] 704.0
[3, 7] 696.0
[3, 8] 688.0
[3, 9] 648.0
[3, 10] 640.0
[3, 11] 632.0
[3, 12] 640.0
[3, 13] 648.0
[3, 14] 800.0
[3, 15] 776.0
[3, 16] 768.0
[3, 17] 728.0
[3, 18] 720.0
[3, 19] 680.0
[3, 20] 672.0
[3, 21] 632.0
[3, 22] 624.0
[3, 23] 584.0
[3, 24] 400.0
[3, 25] 200.0
[4, 5] 816.0
[4, 6] 808.0
[4, 7] 800.0
[4, 8] 808.0
[4, 9] 800.0
[4, 10] 744.0
[4, 11] 752.0
[4, 12] 744.0
[4, 13] 784.0
[4, 14] 840.0
[4, 15] 1056.0
[4, 16] 1000.0
[4, 17] 992.0
[4, 18] 936.0
[4, 19] 928.0
[4, 20] 872.0
[4, 21] 864.0
[4, 22] 808.0
[4, 23] 624.0
[4, 24] 408.0
[4, 25] 208.0
[5, 6] 880.0
[5, 7] 872.0
[5, 8] 864.0
[5, 9] 856.0
[5, 10] 880.0
[5, 11] 808.0
[5, 12] 832.0
[5, 13] 840.0
[5, 14] 944.0
[5, 15] 1016.0
[5, 16] 1280.0
[5, 17] 1208.0
[5, 18] 1200.0
[5, 19] 1128.0
[5, 20] 1120.0
[5, 21] 1048.0
[5, 22] 864.0
[5, 23] 632.0
[5, 24] 432.0
[5, 25] 216.0
[6, 7] 896.0
[6, 8] 888.0
[6, 9] 896.0
[6, 10] 888.0
[6, 11] 912.0
[6, 12] 840.0
[6, 13] 896.0
[6, 14] 952.0
[6, 15] 1088.0
[6, 16] 1176.0
[6, 17] 1488.0
[6, 18] 1400.0
[6, 19] 1392.0
[6, 20] 1304.0
[6, 21] 1120.0
[6, 22] 872.0
[6, 23] 672.0
[6, 24] 440.0
[6, 25] 224.0
[7, 8] 880.0
[7, 9] 872.0
[7, 10] 896.0
[7, 11] 888.0
[7, 12] 928.0
[7, 13] 840.0
[7, 14] 976.0
[7, 15] 1048.0
[7, 16] 1216.0
[7, 17] 1304.0
[7, 18] 1680.0
[7, 19] 1576.0
[7, 20] 1392.0
[7, 21] 1128.0
[7, 22] 928.0
[7, 23] 680.0
[7, 24] 464.0
[7, 25] 232.0
[8, 9] 832.0
[8, 10] 824.0
[8, 11] 864.0
[8, 12] 856.0
[8, 13] 928.0
[8, 14] 856.0
[8, 15] 1024.0
[8, 16] 1128.0
[8, 17] 1328.0
[8, 18] 1416.0
[8, 19] 1680.0
[8, 20] 1400.0
[8, 21] 1200.0
[8, 22] 936.0
[8, 23] 720.0
[8, 24] 472.0
[8, 25] 240.0
[9, 10] 800.0
[9, 11] 792.0
[9, 12] 848.0
[9, 13] 856.0
[9, 14] 960.0
[9, 15] 904.0
[9, 16] 1104.0
[9, 17] 1224.0
[9, 18] 1328.0
[9, 19] 1304.0
[9, 20] 1488.0
[9, 21] 1208.0
[9, 22] 992.0
[9, 23] 728.0
[9, 24] 496.0
[9, 25] 248.0
[10, 11] 800.0
[10, 12] 792.0
[10, 13] 880.0
[10, 14] 904.0
[10, 15] 1040.0
[10, 16] 1000.0
[10, 17] 1104.0
[10, 18] 1128.0
[10, 19] 1216.0
[10, 20] 1176.0
[10, 21] 1280.0
[10, 22] 1000.0
[10, 23] 768.0
[10, 24] 504.0
[10, 25] 256.0
[11, 12] 832.0
[11, 13] 840.0
[11, 14] 960.0
[11, 15] 1000.0
[11, 16] 1040.0
[11, 17] 904.0
[11, 18] 1024.0
[11, 19] 1048.0
[11, 20] 1088.0
[11, 21] 1016.0
[11, 22] 1056.0
[11, 23] 776.0
[11, 24] 528.0
[11, 25] 264.0
[12, 13] 912.0
[12, 14] 936.0
[12, 15] 960.0
[12, 16] 904.0
[12, 17] 960.0
[12, 18] 856.0
[12, 19] 976.0
[12, 20] 952.0
[12, 21] 944.0
[12, 22] 840.0
[12, 23] 800.0
[12, 24] 536.0
[12, 25] 272.0
[13, 14] 912.0
[13, 15] 840.0
[13, 16] 880.0
[13, 17] 856.0
[13, 18] 928.0
[13, 19] 840.0
[13, 20] 896.0
[13, 21] 840.0
[13, 22] 784.0
[13, 23] 648.0
[13, 24] 528.0
[13, 25] 264.0
[14, 15] 832.0
[14, 16] 792.0
[14, 17] 848.0
[14, 18] 856.0
[14, 19] 928.0
[14, 20] 840.0
[14, 21] 832.0
[14, 22] 744.0
[14, 23] 640.0
[14, 24] 472.0
[14, 25] 272.0
[15, 16] 800.0
[15, 17] 792.0
[15, 18] 864.0
[15, 19] 888.0
[15, 20] 912.0
[15, 21] 808.0
[15, 22] 752.0
[15, 23] 632.0
[15, 24] 480.0
[15, 25] 280.0
[16, 17] 800.0
[16, 18] 824.0
[16, 19] 896.0
[16, 20] 888.0
[16, 21] 880.0
[16, 22] 744.0
[16, 23] 640.0
[16, 24] 488.0
[16, 25] 288.0
[17, 18] 832.0
[17, 19] 872.0
[17, 20] 896.0
[17, 21] 856.0
[17, 22] 800.0
[17, 23] 648.0
[17, 24] 496.0
[17, 25] 296.0
[18, 19] 880.0
[18, 20] 888.0
[18, 21] 864.0
[18, 22] 808.0
[18, 23] 688.0
[18, 24] 504.0
[18, 25] 304.0
[19, 20] 896.0
[19, 21] 872.0
[19, 22] 800.0
[19, 23] 696.0
[19, 24] 528.0
[19, 25] 312.0
[20, 21] 880.0
[20, 22] 808.0
[20, 23] 704.0
[20, 24] 536.0
[20, 25] 320.0
[21, 22] 816.0
[21, 23] 696.0
[21, 24] 544.0
[21, 25] 328.0
[22, 23] 704.0
[22, 24] 552.0
[22, 25] 336.0
[23, 24] 544.0
[23, 25] 344.0
[24, 25] 352.0
[1] -1104.0
[2] -1908.0
[3] -2560.0
[4] -3060.0
[5] -3416.0
[6] -3628.0
[7] -3704.0
[8] -3636.0
[9] -3528.0
[10] -3412.0
[11] -3296.0
[12] -3180.0
[13] -3104.0
[14] -3180.0
[15] -3296.0
[16] -3412.0
[17] -3528.0
[18] -3636.0
[19] -3704.0
[20] -3628.0
[21] -3416.0
[22] -3060.0
[23] -2560.0
[24] -1908.0
[25] -1104.0
